# STIMULUS Start: 5.340456, End: 5.540436
-4.024548
-2.161764
-1.991484
-0.890208
-0.868725
0.168300
0.175230
0.181863
0.188991
0.196317
0.202752
0.210177
0.217602
0.225027
0.240867
0.249678
0.249678
0.258093
0.269082
0.315909
0.315909
0.372240
0.430254
0.467874
0.492723
0.492723
0.542124
0.615483
0.679041
4.215321
4.384809
4.475889
5.660424
6.018111
6.040386
6.099786
7.625178
7.882875
7.906932
8.034741
8.267193
8.704080
8.723583
8.755659
8.986527
10.906731
11.365893
12.724074
13.070475
13.364208
18.973746
19.193823
19.294605
