[{'id': '1A', 'name': '15d29001.abf', 'nstims': 1, 'dose': 10}, {'id': '1A', 'name': '15d29002.abf', 'nstims': 1, 'dose': 100}, {'id': '1A', 'name': '15d29003.abf', 'nstims': 1, 'dose': 1000}, {'id': '1A', 'name': '15d29004.abf', 'nstims': 1, 'dose': 2000}, {'id': '1A', 'name': '15d29005.abf', 'nstims': 1, 'dose': 5000}, {'id': '1B', 'name': '15d29006.abf', 'nstims': 1, 'dose': 10}, {'id': '1B', 'name': '15d29007.abf', 'nstims': 1, 'dose': 100}, {'id': '1B', 'name': '15d29008.abf', 'nstims': 1, 'dose': 1000}, {'id': '1B', 'name': '15d29009.abf', 'nstims': 1, 'dose': 2000}, {'id': '1B', 'name': '15d29010.abf', 'nstims': 1, 'dose': 5000}, {'id': '1B', 'name': '15d29011.abf', 'nstims': 1, 'dose': 10000}, {'id': '1C', 'name': '15d29012.abf', 'nstims': 1, 'dose': 10}, {'id': '1C', 'name': '15d29013.abf', 'nstims': 1, 'dose': 100}, {'id': '1C', 'name': '15d29014.abf', 'nstims': 1, 'dose': 1000}, {'id': '1C', 'name': '15d29016.abf', 'nstims': 1, 'dose': 2000}, {'id': '1C', 'name': '15d29017.abf', 'nstims': 1, 'dose': 5000}, {'id': '1C', 'name': '15d29018.abf', 'nstims': 1, 'dose': 10000}, {'id': '1D', 'name': '15d29019.abf', 'nstims': 1, 'dose': 10}, {'id': '1D', 'name': '15d29020.abf', 'nstims': 1, 'dose': 100}, {'id': '1D', 'name': '15d29021.abf', 'nstims': 1, 'dose': 1000}, {'id': '1D', 'name': '15d29022.abf', 'nstims': 1, 'dose': 2000}, {'id': '1D', 'name': '15d29023.abf', 'nstims': 1, 'dose': 5000}, {'id': '1D', 'name': '15d29024.abf', 'nstims': 1, 'dose': 10000}, {'id': '1E', 'name': '15d29025.abf', 'nstims': 1, 'dose': 10}, {'id': '1E', 'name': '15d29026.abf', 'nstims': 1, 'dose': 100}, {'id': '1E', 'name': '15d29027.abf', 'nstims': 1, 'dose': 1000}, {'id': '1E', 'name': '15d29028.abf', 'nstims': 1, 'dose': 2000}, {'id': '1E', 'name': '15d29029.abf', 'nstims': 1, 'dose': 5000}, {'id': '1E', 'name': '15d29030.abf', 'nstims': 1, 'dose': 10000}, {'id': '1E', 'name': '15d29031.abf', 'nstims': 1, 'dose': 10}, {'id': '1E', 'name': '15d29032.abf', 'nstims': 1, 'dose': 100}, {'id': '1E', 'name': '15d29033.abf', 'nstims': 1, 'dose': 1000}, {'id': '1E', 'name': '15d29034.abf', 'nstims': 1, 'dose': 2000}, {'id': '1E', 'name': '15d29035.abf', 'nstims': 1, 'dose': 5000}, {'id': '1E', 'name': '15d29036.abf', 'nstims': 1, 'dose': 10000}]
15d29001
spikes : [-5.460345 -4.75893  -4.723389 -3.852684 -2.60865  -2.436093 -2.293929
 -1.825956 -1.754478 -1.679139 -1.517175 -0.578853 -0.413523  0.038907
  0.663696  1.254924  2.341647  3.768336  4.356396  4.818429  6.995241
  7.676163  7.808922  7.866936  7.879509  7.89426   7.914357  8.043354
  8.078004  8.094933  8.103348  8.114337  8.217099  9.211455  9.271746]
-5.460345 -55
-4.75893 -48
-4.723389 -48
-3.852684 -39
-2.60865 -27
-2.436093 -25
-2.293929 -23
-1.825956 -19
-1.754478 -18
-1.679139 -17
-1.517175 -16
-0.578853 -6
-0.413523 -5
0.038907 0
0.663696 6
1.254924 12
2.341647 23
3.768336 37
4.356396 43
4.818429 48
6.995241 69
7.676163 76
7.808922 78
7.866936 78
7.879509 78
7.89426 78
7.914357 79
8.043354 80
8.078004 80
8.094933 80
8.103348 81
8.114337 81
8.217099 82
9.211455 92
9.271746 92
[1, 0, 0, 0, 0, 0, 1, 0, 0, 0, 0, 0, 1, 0, 0, 0, 0, 0, 0, 0, 0, 0, 0, 1, 0, 0, 0, 0, 0, 0, 0, 0, 0, 0, 0, 0, 0, 1, 0, 0, 0, 0, 0, 1, 0, 0, 0, 0, 1, 0, 0, 0, 0, 0, 0, 0, 0, 0, 0, 0, 0, 0, 0, 0, 0, 0, 0, 0, 0, 1, 0, 0, 0, 0, 0, 0, 1, 0, 4, 1, 3, 2, 1, 0, 0, 0, 0, 0, 0, 0, 0, 0, 2, 0, 0, 0, 0, 0, 0, 0]
15d29002
spikes : [ -5.095431  -5.062563  -5.045634  -4.918122  -3.837933  -3.639735
  -3.255318  -1.950498  -1.373328  -1.016829  -0.975645  -0.933471
  -0.237402   0.392337   0.540837   0.630927   0.851895   1.526085
   1.857141   2.196018   2.888226   3.915153   4.075434   4.155525
   4.520934   5.556474   6.394806   6.626367   7.0488     7.447077
   7.618149   8.192052   9.139581   9.2664     9.750708   9.806247
  10.146906  10.666458  10.707345  11.548746  11.571714  12.280059
  12.442518  12.636855  12.87099 ]
-5.095431 -51
-5.062563 -51
-5.045634 -51
-4.918122 -50
-3.837933 -39
-3.639735 -37
-3.255318 -33
-1.950498 -20
-1.373328 -14
-1.016829 -11
-0.975645 -10
-0.933471 -10
-0.237402 -3
0.392337 3
0.540837 5
0.630927 6
0.851895 8
1.526085 15
1.857141 18
2.196018 21
2.888226 28
3.915153 39
4.075434 40
4.155525 41
4.520934 45
5.556474 55
6.394806 63
6.626367 66
7.0488 70
7.447077 74
7.618149 76
8.192052 81
9.139581 91
9.2664 92
9.750708 97
9.806247 98
10.146906 101
10.666458 106
10.707345 107
11.548746 115
11.571714 115
12.280059 122
12.442518 124
12.636855 126
12.87099 128
[0, 0, 0, 1, 0, 1, 1, 0, 1, 0, 0, 0, 0, 0, 0, 1, 0, 0, 1, 0, 0, 1, 0, 0, 0, 0, 0, 0, 1, 0, 0, 0, 0, 0, 0, 0, 0, 0, 0, 1, 1, 1, 0, 0, 0, 1, 0, 0, 0, 0, 0, 0, 0, 0, 0, 1, 0, 0, 0, 0, 0, 0, 0, 1, 0, 0, 1, 0, 0, 0, 1, 0, 0, 0, 1, 0, 1, 0, 0, 0, 0, 1, 0, 0, 0, 0, 0, 0, 0, 0, 0, 1, 1, 0, 0, 0, 0, 1, 1, 0]
15d29003
spikes : [ -5.401539  -5.281353  -4.728339  -4.491828  -4.273434  -3.714876
  -3.618549  -3.586077  -3.062664  -2.849319  -2.187856  -1.798632
  -1.765863  -1.160973  -1.059696  -0.908424  -0.114146   0.356994
   0.393525   0.483714   1.083555   1.243737   1.417878   1.775862
   1.835856   3.132261   3.444012   3.792393   3.984552   4.671909
   4.739823   4.777542   4.987422   5.171067   7.084044   7.186014
   7.329267   7.59231    7.983261   8.057907   8.283231   8.414704
   8.481726   8.509446   8.571915   9.018405   9.040779   9.611415
   9.931185   9.966627  10.441926  10.499346  10.805553  11.036124
  12.271347  12.573396  12.861189  13.033746  13.072653  13.338072
  13.389651  13.615371  13.721103  13.813074  14.029488  14.323122
  14.461722]
-5.401539 -55
-5.281353 -53
-4.728339 -48
-4.491828 -45
-4.273434 -43
-3.714876 -38
-3.618549 -37
-3.586077 -36
-3.062664 -31
-2.849319 -29
-2.187856 -22
-1.798632 -18
-1.765863 -18
-1.160973 -12
-1.059696 -11
-0.908424 -10
-0.114146 -2
0.356994 3
0.393525 3
0.483714 4
1.083555 10
1.243737 12
1.417878 14
1.775862 17
1.835856 18
3.132261 31
3.444012 34
3.792393 37
3.984552 39
4.671909 46
4.739823 47
4.777542 47
4.987422 49
5.171067 51
7.084044 70
7.186014 71
7.329267 73
7.59231 75
7.983261 79
8.057907 80
8.283231 82
8.414704 84
8.481726 84
8.509446 85
8.571915 85
9.018405 90
9.040779 90
9.611415 96
9.931185 99
9.966627 99
10.441926 104
10.499346 104
10.805553 108
11.036124 110
12.271347 122
12.573396 125
12.861189 128
13.033746 130
13.072653 130
13.338072 133
13.389651 133
13.615371 136
13.721103 137
13.813074 138
14.029488 140
14.323122 143
14.461722 144
[0, 0, 0, 2, 1, 0, 0, 0, 0, 0, 1, 0, 1, 0, 1, 0, 0, 1, 1, 0, 0, 0, 0, 0, 0, 0, 0, 0, 0, 0, 0, 1, 0, 0, 1, 0, 0, 1, 0, 1, 0, 0, 0, 0, 0, 0, 1, 2, 0, 1, 0, 1, 0, 0, 0, 0, 0, 0, 0, 0, 0, 0, 0, 0, 0, 0, 0, 0, 0, 0, 1, 1, 0, 1, 0, 1, 0, 0, 0, 1, 1, 0, 1, 0, 2, 2, 0, 0, 0, 0, 2, 0, 0, 0, 0, 0, 1, 0, 0, 2]
15d29004
spikes : [ -5.449158  -5.403321  -5.239179  -5.137407  -5.080977  -5.025735
  -4.958613  -4.760118  -4.596867  -4.504599  -4.191462  -4.14909
  -4.124439  -3.666861  -2.951685  -2.878524  -2.860803  -2.825955
  -2.595186  -2.5047    -2.431143  -2.431143  -2.431143  -2.246013
  -2.159685  -2.040786  -1.623108  -1.248093  -1.040094  -0.667458
  -0.120186   0.051682   0.092862   0.51876    0.549351   1.100088
   1.306008   1.549746   1.710621   1.971585   2.252349   2.497869
   2.665377   3.350655   3.461337   3.549843   3.792294   4.149684
   4.368672   4.63716    4.684185   4.846347   4.950495   5.335803
   5.748237   6.237594   6.48252    6.607953   6.693489   7.072461
   7.293528   7.367778   7.403812   7.509744   7.594389   7.741701
   7.766748   8.24373    8.432721   8.557758   8.884854   8.965539
   9.242937   9.815751  10.814463  11.625966  11.893464  12.166704
  12.216402  12.467367  12.707343  12.793572  13.460337  13.710015
  14.524092  14.547654  14.724666  15.04602   15.226893  15.660513
  15.689124  15.879006  16.018398  16.094925  16.420239  16.86861
  16.919298  17.081955  17.106408  17.374005  17.470431  17.872272
  17.930385  17.970579  18.024633]
-5.449158 -55
-5.403321 -55
-5.239179 -53
-5.137407 -52
-5.080977 -51
-5.025735 -51
-4.958613 -50
-4.760118 -48
-4.596867 -46
-4.504599 -46
-4.191462 -42
-4.14909 -42
-4.124439 -42
-3.666861 -37
-2.951685 -30
-2.878524 -29
-2.860803 -29
-2.825955 -29
-2.595186 -26
-2.5047 -26
-2.431143 -25
-2.431143 -25
-2.431143 -25
-2.246013 -23
-2.159685 -22
-2.040786 -21
-1.623108 -17
-1.248093 -13
-1.040094 -11
-0.667458 -7
-0.120186 -2
0.051682 0
0.092862 0
0.51876 5
0.549351 5
1.100088 11
1.306008 13
1.549746 15
1.710621 17
1.971585 19
2.252349 22
2.497869 24
2.665377 26
3.350655 33
3.461337 34
3.549843 35
3.792294 37
4.149684 41
4.368672 43
4.63716 46
4.684185 46
4.846347 48
4.950495 49
5.335803 53
5.748237 57
6.237594 62
6.48252 64
6.607953 66
6.693489 66
7.072461 70
7.293528 72
7.367778 73
7.403812 74
7.509744 75
7.594389 75
7.741701 77
7.766748 77
8.24373 82
8.432721 84
8.557758 85
8.884854 88
8.965539 89
9.242937 92
9.815751 98
10.814463 108
11.625966 116
11.893464 118
12.166704 121
12.216402 122
12.467367 124
12.707343 127
12.793572 127
13.460337 134
13.710015 137
14.524092 145
14.547654 145
14.724666 147
15.04602 150
15.226893 152
15.660513 156
15.689124 156
15.879006 158
16.018398 160
16.094925 160
16.420239 164
16.86861 168
16.919298 169
17.081955 170
17.106408 171
17.374005 173
17.470431 174
17.872272 178
17.930385 179
17.970579 179
18.024633 180
[2, 0, 0, 0, 0, 2, 0, 0, 0, 0, 0, 1, 0, 1, 0, 1, 0, 1, 0, 1, 0, 0, 1, 0, 1, 0, 1, 0, 0, 0, 0, 0, 0, 1, 1, 1, 0, 1, 0, 0, 0, 1, 0, 1, 0, 0, 2, 0, 1, 1, 0, 0, 0, 1, 0, 0, 0, 1, 0, 0, 0, 0, 1, 0, 1, 0, 2, 0, 0, 0, 1, 0, 1, 1, 1, 2, 0, 2, 0, 0, 0, 0, 1, 0, 1, 1, 0, 0, 1, 1, 0, 0, 1, 0, 0, 0, 0, 0, 1, 0]
15d29005
spikes : [ -5.147307  -4.65102   -4.244328  -4.224627  -3.652803  -3.601224
  -3.525588  -3.146022  -2.694384  -2.623203  -2.331153  -2.058903
  -1.801206  -1.642707  -0.974259  -0.53955    0.23265    0.243738
   0.256905   0.283041   0.310068   0.959409   1.492029   1.59984    2.1285
   2.499255   2.723985   3.480642   3.542022   4.578255   4.614291
   5.603103   6.591816   6.620328   6.752097   6.773976   8.57934
   8.687646   9.015633   9.38718   10.196505  10.436382  10.667943
  10.712493  11.048598  11.409552  12.090771  12.744171  13.19967
  14.009787  14.213628  15.195807  15.586461  16.148979  16.184817
  16.640811  16.692489  18.042453  18.102942  18.798021  19.37133
  19.583883  19.772775]
-5.147307 -52
-4.65102 -47
-4.244328 -43
-4.224627 -43
-3.652803 -37
-3.601224 -37
-3.525588 -36
-3.146022 -32
-2.694384 -27
-2.623203 -27
-2.331153 -24
-2.058903 -21
-1.801206 -19
-1.642707 -17
-0.974259 -10
-0.53955 -6
0.23265 2
0.243738 2
0.256905 2
0.283041 2
0.310068 3
0.959409 9
1.492029 14
1.59984 15
2.1285 21
2.499255 24
2.723985 27
3.480642 34
3.542022 35
4.578255 45
4.614291 46
5.603103 56
6.591816 65
6.620328 66
6.752097 67
6.773976 67
8.57934 85
8.687646 86
9.015633 90
9.38718 93
10.196505 101
10.436382 104
10.667943 106
10.712493 107
11.048598 110
11.409552 114
12.090771 120
12.744171 127
13.19967 131
14.009787 140
14.213628 142
15.195807 151
15.586461 155
16.148979 161
16.184817 161
16.640811 166
16.692489 166
18.042453 180
18.102942 181
18.798021 187
19.37133 193
19.583883 195
19.772775 197
[0, 0, 4, 1, 0, 0, 0, 0, 0, 1, 0, 0, 0, 0, 1, 1, 0, 0, 0, 0, 0, 1, 0, 0, 1, 0, 0, 1, 0, 0, 0, 0, 0, 0, 1, 1, 0, 0, 0, 0, 0, 0, 0, 0, 0, 1, 1, 0, 0, 0, 0, 0, 0, 0, 0, 0, 1, 0, 0, 0, 0, 0, 0, 0, 0, 1, 1, 2, 0, 0, 0, 0, 0, 0, 0, 0, 0, 0, 0, 0, 0, 0, 0, 0, 0, 1, 1, 0, 0, 0, 1, 0, 0, 1, 0, 0, 0, 0, 0, 0]
15d29006
spikes : [ -3.019995  -2.443518  -0.479061   3.043359   5.14701    7.527762
   8.359461  11.565774  11.59785   15.52023   15.569235  15.639426
  15.920982]
-3.019995 -31
-2.443518 -25
-0.479061 -5
3.043359 30
5.14701 51
7.527762 75
8.359461 83
11.565774 115
11.59785 115
15.52023 155
15.569235 155
15.639426 156
15.920982 159
[0, 0, 0, 0, 0, 0, 0, 0, 0, 0, 0, 0, 0, 0, 0, 0, 0, 0, 0, 0, 0, 0, 0, 0, 0, 0, 0, 0, 0, 0, 1, 0, 0, 0, 0, 0, 0, 0, 0, 0, 0, 0, 0, 0, 0, 0, 0, 0, 0, 0, 0, 1, 0, 0, 0, 0, 0, 0, 0, 0, 0, 0, 0, 0, 0, 0, 0, 0, 0, 0, 0, 0, 0, 0, 0, 1, 0, 0, 0, 0, 0, 0, 0, 1, 0, 0, 0, 0, 0, 0, 0, 0, 0, 0, 0, 0, 0, 0, 0, 0]
15d29007
spikes : [ -4.586274  -4.54509   -3.75507    1.365708   2.806254   3.361941
   5.005341   6.959601   7.660719   8.201358   9.524592  10.804365
  12.480732  14.218182  14.252535]
-4.586274 -46
-4.54509 -46
-3.75507 -38
1.365708 13
2.806254 28
3.361941 33
5.005341 50
6.959601 69
7.660719 76
8.201358 82
9.524592 95
10.804365 108
12.480732 124
14.218182 142
14.252535 142
[0, 0, 0, 0, 0, 0, 0, 0, 0, 0, 0, 0, 0, 1, 0, 0, 0, 0, 0, 0, 0, 0, 0, 0, 0, 0, 0, 0, 1, 0, 0, 0, 0, 1, 0, 0, 0, 0, 0, 0, 0, 0, 0, 0, 0, 0, 0, 0, 0, 0, 1, 0, 0, 0, 0, 0, 0, 0, 0, 0, 0, 0, 0, 0, 0, 0, 0, 0, 0, 1, 0, 0, 0, 0, 0, 0, 1, 0, 0, 0, 0, 0, 1, 0, 0, 0, 0, 0, 0, 0, 0, 0, 0, 0, 0, 1, 0, 0, 0, 0]
15d29008
spikes : [ -3.895155  -3.436191  -2.718342   0.242055   2.381643   8.449452
   8.600625   8.991081   9.157797   9.369756  10.570032  13.715856
  13.851486  14.990679]
-3.895155 -39
-3.436191 -35
-2.718342 -28
0.242055 2
2.381643 23
8.449452 84
8.600625 86
8.991081 89
9.157797 91
9.369756 93
10.570032 105
13.715856 137
13.851486 138
14.990679 149
[0, 0, 1, 0, 0, 0, 0, 0, 0, 0, 0, 0, 0, 0, 0, 0, 0, 0, 0, 0, 0, 0, 0, 1, 0, 0, 0, 0, 0, 0, 0, 0, 0, 0, 0, 0, 0, 0, 0, 0, 0, 0, 0, 0, 0, 0, 0, 0, 0, 0, 0, 0, 0, 0, 0, 0, 0, 0, 0, 0, 0, 0, 0, 0, 0, 0, 0, 0, 0, 0, 0, 0, 0, 0, 0, 0, 0, 0, 0, 0, 0, 0, 0, 0, 1, 0, 1, 0, 0, 1, 0, 1, 0, 1, 0, 0, 0, 0, 0, 0]
15d29009
spikes : [ -5.186214  -3.789819  -2.533311  -1.550043  -1.166121  -0.445302
   0.186219   0.208791   0.220176   0.230175   0.239481   0.24948
   0.261459   0.278784   0.296802   0.318483   0.354222   0.402633
   0.514998   2.871891   2.894364   3.133251   3.172752   3.218391
   3.258387   3.331746   3.371445   3.488562   3.519351   6.592608
   6.981183   7.034643   7.068204   7.107408   7.203339   7.311447
   7.840602  12.26016   12.420837  12.576663  12.769119  13.169574
  13.293918  13.395096  13.523499  14.354307]
-5.186214 -52
-3.789819 -38
-2.533311 -26
-1.550043 -16
-1.166121 -12
-0.445302 -5
0.186219 1
0.208791 2
0.220176 2
0.230175 2
0.239481 2
0.24948 2
0.261459 2
0.278784 2
0.296802 2
0.318483 3
0.354222 3
0.402633 4
0.514998 5
2.871891 28
2.894364 28
3.133251 31
3.172752 31
3.218391 32
3.258387 32
3.331746 33
3.371445 33
3.488562 34
3.519351 35
6.592608 65
6.981183 69
7.034643 70
7.068204 70
7.107408 71
7.203339 72
7.311447 73
7.840602 78
12.26016 122
12.420837 124
12.576663 125
12.769119 127
13.169574 131
13.293918 132
13.395096 133
13.523499 135
14.354307 143
[0, 1, 8, 2, 1, 1, 0, 0, 0, 0, 0, 0, 0, 0, 0, 0, 0, 0, 0, 0, 0, 0, 0, 0, 0, 0, 0, 0, 2, 0, 0, 2, 2, 2, 1, 1, 0, 0, 0, 0, 0, 0, 0, 0, 0, 0, 0, 0, 0, 0, 0, 0, 0, 0, 0, 0, 0, 0, 0, 0, 0, 0, 0, 0, 0, 1, 0, 0, 0, 1, 2, 1, 1, 1, 0, 0, 0, 0, 1, 0, 0, 0, 0, 0, 0, 0, 0, 0, 0, 0, 0, 0, 0, 0, 0, 0, 0, 0, 0, 0]
15d29010
spikes : [ -4.024548  -2.161764  -1.991484  -0.890208  -0.868725   0.1683     0.17523
   0.181863   0.188991   0.196317   0.202752   0.210177   0.217602
   0.225027   0.240867   0.249678   0.249678   0.258093   0.269082
   0.315909   0.315909   0.37224    0.430254   0.467874   0.492723
   0.492723   0.542124   0.615483   0.679041   4.215321   4.384809
   4.475889   5.660424   6.018111   6.040386   6.099786   7.625178
   7.882875   7.906932   8.034741   8.267193   8.70408    8.723583
   8.755659   8.986527  10.906731  11.365893  12.724074  13.070475
  13.364208  18.973746  19.193823  19.294605]
-4.024548 -41
-2.161764 -22
-1.991484 -20
-0.890208 -9
-0.868725 -9
0.1683 1
0.17523 1
0.181863 1
0.188991 1
0.196317 1
0.202752 2
0.210177 2
0.217602 2
0.225027 2
0.240867 2
0.249678 2
0.249678 2
0.258093 2
0.269082 2
0.315909 3
0.315909 3
0.37224 3
0.430254 4
0.467874 4
0.492723 4
0.492723 4
0.542124 5
0.615483 6
0.679041 6
4.215321 42
4.384809 43
4.475889 44
5.660424 56
6.018111 60
6.040386 60
6.099786 60
7.625178 76
7.882875 78
7.906932 79
8.034741 80
8.267193 82
8.70408 87
8.723583 87
8.755659 87
8.986527 89
10.906731 109
11.365893 113
12.724074 127
13.070475 130
13.364208 133
18.973746 189
19.193823 191
19.294605 192
[0, 5, 9, 3, 4, 1, 2, 0, 0, 0, 0, 0, 0, 0, 0, 0, 0, 0, 0, 0, 0, 0, 0, 0, 0, 0, 0, 0, 0, 0, 0, 0, 0, 0, 0, 0, 0, 0, 0, 0, 0, 0, 1, 1, 1, 0, 0, 0, 0, 0, 0, 0, 0, 0, 0, 0, 1, 0, 0, 0, 3, 0, 0, 0, 0, 0, 0, 0, 0, 0, 0, 0, 0, 0, 0, 0, 1, 0, 1, 1, 1, 0, 1, 0, 0, 0, 0, 3, 0, 1, 0, 0, 0, 0, 0, 0, 0, 0, 0, 0]
15d29011
spikes : [ -4.17087   -2.929311  -2.482821  -2.317194  -2.317194  -2.291256
  -1.963764  -1.765665  -0.338184   0.253836   0.273735   0.289575
   0.308979   0.330264   0.38115    0.449757   0.511038   0.548559
   0.590931   0.66429    0.741114   0.975645   0.99891    1.244826
   1.709136   2.617362   3.603501   5.138397   6.171264   6.213735
   6.814566   7.321248   8.148789   8.781597  11.05434   11.880792
  14.002461  15.341832  15.50835 ]
-4.17087 -42
-2.929311 -30
-2.482821 -25
-2.317194 -24
-2.317194 -24
-2.291256 -23
-1.963764 -20
-1.765665 -18
-0.338184 -4
0.253836 2
0.273735 2
0.289575 2
0.308979 3
0.330264 3
0.38115 3
0.449757 4
0.511038 5
0.548559 5
0.590931 5
0.66429 6
0.741114 7
0.975645 9
0.99891 9
1.244826 12
1.709136 17
2.617362 26
3.603501 36
5.138397 51
6.171264 61
6.213735 62
6.814566 68
7.321248 73
8.148789 81
8.781597 87
11.05434 110
11.880792 118
14.002461 140
15.341832 153
15.50835 155
[0, 0, 3, 3, 1, 3, 1, 1, 0, 2, 0, 0, 1, 0, 0, 0, 0, 1, 0, 0, 0, 0, 0, 0, 0, 0, 1, 0, 0, 0, 0, 0, 0, 0, 0, 0, 1, 0, 0, 0, 0, 0, 0, 0, 0, 0, 0, 0, 0, 0, 0, 1, 0, 0, 0, 0, 0, 0, 0, 0, 0, 1, 1, 0, 0, 0, 0, 0, 1, 0, 0, 0, 0, 1, 0, 0, 0, 0, 0, 0, 0, 1, 0, 0, 0, 0, 0, 1, 0, 0, 0, 0, 0, 0, 0, 0, 0, 0, 0, 0]
15d29012
spikes : [ -3.534993  -1.489356   0.159786   2.669733   5.244228   5.780709
  10.908909  11.230263]
-3.534993 -36
-1.489356 -15
0.159786 1
2.669733 26
5.244228 52
5.780709 57
10.908909 109
11.230263 112
[0, 1, 0, 0, 0, 0, 0, 0, 0, 0, 0, 0, 0, 0, 0, 0, 0, 0, 0, 0, 0, 0, 0, 0, 0, 0, 1, 0, 0, 0, 0, 0, 0, 0, 0, 0, 0, 0, 0, 0, 0, 0, 0, 0, 0, 0, 0, 0, 0, 0, 0, 0, 1, 0, 0, 0, 0, 1, 0, 0, 0, 0, 0, 0, 0, 0, 0, 0, 0, 0, 0, 0, 0, 0, 0, 0, 0, 0, 0, 0, 0, 0, 0, 0, 0, 0, 0, 0, 0, 0, 0, 0, 0, 0, 0, 0, 0, 0, 0, 0]
15d29013
spikes : -3.858426
[0, 0, 0, 0, 0, 0, 0, 0, 0, 0, 0, 0, 0, 0, 0, 0, 0, 0, 0, 0, 0, 0, 0, 0, 0, 0, 0, 0, 0, 0, 0, 0, 0, 0, 0, 0, 0, 0, 0, 0, 0, 0, 0, 0, 0, 0, 0, 0, 0, 0, 0, 0, 0, 0, 0, 0, 0, 0, 0, 0, 0, 0, 0, 0, 0, 0, 0, 0, 0, 0, 0, 0, 0, 0, 0, 0, 0, 0, 0, 0, 0, 0, 0, 0, 0, 0, 0, 0, 0, 0, 0, 0, 0, 0, 0, 0, 0, 0, 0, 0]
15d29014
spikes : [ -1.843875   5.712995  13.026615  15.222835]
-1.843875 -19
5.712995 57
13.026615 130
15.222835 152
[0, 0, 0, 0, 0, 0, 0, 0, 0, 0, 0, 0, 0, 0, 0, 0, 0, 0, 0, 0, 0, 0, 0, 0, 0, 0, 0, 0, 0, 0, 0, 0, 0, 0, 0, 0, 0, 0, 0, 0, 0, 0, 0, 0, 0, 0, 0, 0, 0, 0, 0, 0, 0, 0, 0, 0, 0, 1, 0, 0, 0, 0, 0, 0, 0, 0, 0, 0, 0, 0, 0, 0, 0, 0, 0, 0, 0, 0, 0, 0, 0, 0, 0, 0, 0, 0, 0, 0, 0, 0, 0, 0, 0, 0, 0, 0, 0, 0, 0, 0]
15d29016
spikes : [-3.348873 -3.305016 -2.969505  1.963566  3.04227   8.067906]
-3.348873 -34
-3.305016 -34
-2.969505 -30
1.963566 19
3.04227 30
8.067906 80
[0, 0, 0, 0, 0, 0, 0, 0, 0, 0, 0, 0, 0, 0, 0, 0, 0, 0, 0, 1, 0, 0, 0, 0, 0, 0, 0, 0, 0, 0, 1, 0, 0, 0, 0, 0, 0, 0, 0, 0, 0, 0, 0, 0, 0, 0, 0, 0, 0, 0, 0, 0, 0, 0, 0, 0, 0, 0, 0, 0, 0, 0, 0, 0, 0, 0, 0, 0, 0, 0, 0, 0, 0, 0, 0, 0, 0, 0, 0, 0, 1, 0, 0, 0, 0, 0, 0, 0, 0, 0, 0, 0, 0, 0, 0, 0, 0, 0, 0, 0]
15d29017
spikes : [ -3.343329   0.180279   0.192951   0.206613   0.215622   0.229185
   0.240867   0.252747   0.27819    0.311355   0.403128   0.44055
   0.473814   0.549054   0.840708   0.971586   1.010691   1.487178
   2.366991   4.73715    6.597162   8.187399  12.990384  17.221842
  17.454393]
-3.343329 -34
0.180279 1
0.192951 1
0.206613 2
0.215622 2
0.229185 2
0.240867 2
0.252747 2
0.27819 2
0.311355 3
0.403128 4
0.44055 4
0.473814 4
0.549054 5
0.840708 8
0.971586 9
1.010691 10
1.487178 14
2.366991 23
4.73715 47
6.597162 65
8.187399 81
12.990384 129
17.221842 172
17.454393 174
[0, 2, 6, 1, 3, 1, 0, 0, 1, 1, 1, 0, 0, 0, 1, 0, 0, 0, 0, 0, 0, 0, 0, 1, 0, 0, 0, 0, 0, 0, 0, 0, 0, 0, 0, 0, 0, 0, 0, 0, 0, 0, 0, 0, 0, 0, 0, 1, 0, 0, 0, 0, 0, 0, 0, 0, 0, 0, 0, 0, 0, 0, 0, 0, 0, 1, 0, 0, 0, 0, 0, 0, 0, 0, 0, 0, 0, 0, 0, 0, 0, 1, 0, 0, 0, 0, 0, 0, 0, 0, 0, 0, 0, 0, 0, 0, 0, 0, 0, 0]
15d29018
spikes : [ -1.662012  -0.422136  -0.403425   0.179685   0.195327   0.206316
   0.216513   0.22919    0.239877   0.25245    0.273438   0.297495
   0.317493   0.383031   0.430848   0.491139   0.510741   0.574596
   0.606078   0.724185   0.777546   0.875853   0.917829   1.062072
   1.65825    2.335509   3.744774   9.444699  10.506672]
-1.662012 -17
-0.422136 -5
-0.403425 -5
0.179685 1
0.195327 1
0.206316 2
0.216513 2
0.22919 2
0.239877 2
0.25245 2
0.273438 2
0.297495 2
0.317493 3
0.383031 3
0.430848 4
0.491139 4
0.510741 5
0.574596 5
0.606078 6
0.724185 7
0.777546 7
0.875853 8
0.917829 9
1.062072 10
1.65825 16
2.335509 23
3.744774 37
9.444699 94
10.506672 105
[0, 2, 7, 2, 2, 2, 1, 2, 1, 1, 1, 0, 0, 0, 0, 0, 1, 0, 0, 0, 0, 0, 0, 1, 0, 0, 0, 0, 0, 0, 0, 0, 0, 0, 0, 0, 0, 1, 0, 0, 0, 0, 0, 0, 0, 0, 0, 0, 0, 0, 0, 0, 0, 0, 0, 0, 0, 0, 0, 0, 0, 0, 0, 0, 0, 0, 0, 0, 0, 0, 0, 0, 0, 0, 0, 0, 0, 0, 0, 0, 0, 0, 0, 0, 0, 0, 0, 0, 0, 0, 0, 0, 0, 0, 1, 0, 0, 0, 0, 0]
15d29019
spikes : [ -3.29076   -0.244037   7.507563  10.277683]
-3.29076 -33
-0.244037 -3
7.507563 75
10.277683 102
[0, 0, 0, 0, 0, 0, 0, 0, 0, 0, 0, 0, 0, 0, 0, 0, 0, 0, 0, 0, 0, 0, 0, 0, 0, 0, 0, 0, 0, 0, 0, 0, 0, 0, 0, 0, 0, 0, 0, 0, 0, 0, 0, 0, 0, 0, 0, 0, 0, 0, 0, 0, 0, 0, 0, 0, 0, 0, 0, 0, 0, 0, 0, 0, 0, 0, 0, 0, 0, 0, 0, 0, 0, 0, 0, 1, 0, 0, 0, 0, 0, 0, 0, 0, 0, 0, 0, 0, 0, 0, 0, 0, 0, 0, 0, 0, 0, 0, 0, 0]
15d29020
spikes : [  0.470448   2.348478  12.374802  13.178583]
0.470448 4
2.348478 23
12.374802 123
13.178583 131
[0, 0, 0, 0, 1, 0, 0, 0, 0, 0, 0, 0, 0, 0, 0, 0, 0, 0, 0, 0, 0, 0, 0, 1, 0, 0, 0, 0, 0, 0, 0, 0, 0, 0, 0, 0, 0, 0, 0, 0, 0, 0, 0, 0, 0, 0, 0, 0, 0, 0, 0, 0, 0, 0, 0, 0, 0, 0, 0, 0, 0, 0, 0, 0, 0, 0, 0, 0, 0, 0, 0, 0, 0, 0, 0, 0, 0, 0, 0, 0, 0, 0, 0, 0, 0, 0, 0, 0, 0, 0, 0, 0, 0, 0, 0, 0, 0, 0, 0, 0]
15d29021
spikes : [ -4.335804  -3.281355  -2.039994   2.964456  14.698629]
-4.335804 -44
-3.281355 -33
-2.039994 -21
2.964456 29
14.698629 146
[0, 0, 0, 0, 0, 0, 0, 0, 0, 0, 0, 0, 0, 0, 0, 0, 0, 0, 0, 0, 0, 0, 0, 0, 0, 0, 0, 0, 0, 1, 0, 0, 0, 0, 0, 0, 0, 0, 0, 0, 0, 0, 0, 0, 0, 0, 0, 0, 0, 0, 0, 0, 0, 0, 0, 0, 0, 0, 0, 0, 0, 0, 0, 0, 0, 0, 0, 0, 0, 0, 0, 0, 0, 0, 0, 0, 0, 0, 0, 0, 0, 0, 0, 0, 0, 0, 0, 0, 0, 0, 0, 0, 0, 0, 0, 0, 0, 0, 0, 0]
15d29022
spikes : [ -4.549842  -4.185423  -2.618055  -1.28799   -0.738936   0.21087
   0.893079   7.059096   7.174233  15.303123]
-4.549842 -46
-4.185423 -42
-2.618055 -27
-1.28799 -13
-0.738936 -8
0.21087 2
0.893079 8
7.059096 70
7.174233 71
15.303123 153
[0, 0, 1, 0, 0, 0, 0, 0, 1, 0, 0, 0, 0, 0, 0, 0, 0, 0, 0, 0, 0, 0, 0, 0, 0, 0, 0, 0, 0, 0, 0, 0, 0, 0, 0, 0, 0, 0, 0, 0, 0, 0, 0, 0, 0, 0, 0, 0, 0, 0, 0, 0, 0, 0, 0, 0, 0, 0, 0, 0, 0, 0, 0, 0, 0, 0, 0, 0, 0, 0, 1, 1, 0, 0, 0, 0, 0, 0, 0, 0, 0, 0, 0, 0, 0, 0, 0, 0, 0, 0, 0, 0, 0, 0, 0, 0, 0, 0, 0, 0]
15d29023
spikes : [ -5.25828600e+00  -4.18364100e+00  -3.61637100e+00  -1.88456400e+00
  -4.18374000e-01  -4.05900000e-03   6.13602000e-01   1.55291400e+00
   2.12246100e+00   2.60201700e+00   2.60201700e+00   3.96455400e+00
   4.11770700e+00   4.95009900e+00   8.87950800e+00   9.64121400e+00
   1.03907430e+01   1.05622110e+01]
-5.258286 -53
-4.183641 -42
-3.616371 -37
-1.884564 -19
-0.418374 -5
-0.004059 -1
0.613602 6
1.552914 15
2.122461 21
2.602017 26
2.602017 26
3.964554 39
4.117707 41
4.950099 49
8.879508 88
9.641214 96
10.390743 103
10.562211 105
[0, 0, 0, 0, 0, 0, 1, 0, 0, 0, 0, 0, 0, 0, 0, 1, 0, 0, 0, 0, 0, 1, 0, 0, 0, 0, 2, 0, 0, 0, 0, 0, 0, 0, 0, 0, 0, 0, 0, 1, 0, 1, 0, 0, 0, 0, 0, 0, 0, 1, 0, 0, 0, 0, 0, 0, 0, 0, 0, 0, 0, 0, 0, 0, 0, 0, 0, 0, 0, 0, 0, 0, 0, 0, 0, 0, 0, 0, 0, 0, 0, 0, 0, 0, 0, 0, 0, 0, 1, 0, 0, 0, 0, 0, 0, 0, 1, 0, 0, 0]
15d29024
spikes : [ -4.249571  -0.509481   0.254829   0.314079   1.136025   3.615879
   5.959008  15.310649]
-4.249571 -43
-0.509481 -6
0.254829 2
0.314079 3
1.136025 11
3.615879 36
5.959008 59
15.310649 153
[0, 0, 1, 1, 0, 0, 0, 0, 0, 0, 0, 1, 0, 0, 0, 0, 0, 0, 0, 0, 0, 0, 0, 0, 0, 0, 0, 0, 0, 0, 0, 0, 0, 0, 0, 0, 1, 0, 0, 0, 0, 0, 0, 0, 0, 0, 0, 0, 0, 0, 0, 0, 0, 0, 0, 0, 0, 0, 0, 1, 0, 0, 0, 0, 0, 0, 0, 0, 0, 0, 0, 0, 0, 0, 0, 0, 0, 0, 0, 0, 0, 0, 0, 0, 0, 0, 0, 0, 0, 0, 0, 0, 0, 0, 0, 0, 0, 0, 0, 0]
15d29025
spikes : -2.123847
[0, 0, 0, 0, 0, 0, 0, 0, 0, 0, 0, 0, 0, 0, 0, 0, 0, 0, 0, 0, 0, 0, 0, 0, 0, 0, 0, 0, 0, 0, 0, 0, 0, 0, 0, 0, 0, 0, 0, 0, 0, 0, 0, 0, 0, 0, 0, 0, 0, 0, 0, 0, 0, 0, 0, 0, 0, 0, 0, 0, 0, 0, 0, 0, 0, 0, 0, 0, 0, 0, 0, 0, 0, 0, 0, 0, 0, 0, 0, 0, 0, 0, 0, 0, 0, 0, 0, 0, 0, 0, 0, 0, 0, 0, 0, 0, 0, 0, 0, 0]
15d29026
spikes : [ -0.492822   8.457372   8.477172  11.583099]
-0.492822 -5
8.457372 84
8.477172 84
11.583099 115
[0, 0, 0, 0, 0, 0, 0, 0, 0, 0, 0, 0, 0, 0, 0, 0, 0, 0, 0, 0, 0, 0, 0, 0, 0, 0, 0, 0, 0, 0, 0, 0, 0, 0, 0, 0, 0, 0, 0, 0, 0, 0, 0, 0, 0, 0, 0, 0, 0, 0, 0, 0, 0, 0, 0, 0, 0, 0, 0, 0, 0, 0, 0, 0, 0, 0, 0, 0, 0, 0, 0, 0, 0, 0, 0, 0, 0, 0, 0, 0, 0, 0, 0, 0, 2, 0, 0, 0, 0, 0, 0, 0, 0, 0, 0, 0, 0, 0, 0, 0]
15d29027
spikes : [  9.785553  13.307683]
9.785553 97
13.307683 133
[0, 0, 0, 0, 0, 0, 0, 0, 0, 0, 0, 0, 0, 0, 0, 0, 0, 0, 0, 0, 0, 0, 0, 0, 0, 0, 0, 0, 0, 0, 0, 0, 0, 0, 0, 0, 0, 0, 0, 0, 0, 0, 0, 0, 0, 0, 0, 0, 0, 0, 0, 0, 0, 0, 0, 0, 0, 0, 0, 0, 0, 0, 0, 0, 0, 0, 0, 0, 0, 0, 0, 0, 0, 0, 0, 0, 0, 0, 0, 0, 0, 0, 0, 0, 0, 0, 0, 0, 0, 0, 0, 0, 0, 0, 0, 0, 0, 1, 0, 0]
15d29028
spikes : [ -1.817046   0.243936   0.332046   4.66785   14.166207]
-1.817046 -19
0.243936 2
0.332046 3
4.66785 46
14.166207 141
[0, 0, 1, 1, 0, 0, 0, 0, 0, 0, 0, 0, 0, 0, 0, 0, 0, 0, 0, 0, 0, 0, 0, 0, 0, 0, 0, 0, 0, 0, 0, 0, 0, 0, 0, 0, 0, 0, 0, 0, 0, 0, 0, 0, 0, 0, 1, 0, 0, 0, 0, 0, 0, 0, 0, 0, 0, 0, 0, 0, 0, 0, 0, 0, 0, 0, 0, 0, 0, 0, 0, 0, 0, 0, 0, 0, 0, 0, 0, 0, 0, 0, 0, 0, 0, 0, 0, 0, 0, 0, 0, 0, 0, 0, 0, 0, 0, 0, 0, 0]
15d29029
spikes : [ -5.192748  -5.009103  -3.833181   0.172656   0.183249   0.193149
   0.206217   0.2178     0.228294   0.243045   0.255024   0.273834
   0.291951   0.323928   0.365607   0.429165   0.476784   0.534501
   4.585878   6.318972   9.302337  12.263427]
-5.192748 -52
-5.009103 -51
-3.833181 -39
0.172656 1
0.183249 1
0.193149 1
0.206217 2
0.2178 2
0.228294 2
0.243045 2
0.255024 2
0.273834 2
0.291951 2
0.323928 3
0.365607 3
0.429165 4
0.476784 4
0.534501 5
4.585878 45
6.318972 63
9.302337 93
12.263427 122
[0, 3, 7, 2, 2, 1, 0, 0, 0, 0, 0, 0, 0, 0, 0, 0, 0, 0, 0, 0, 0, 0, 0, 0, 0, 0, 0, 0, 0, 0, 0, 0, 0, 0, 0, 0, 0, 0, 0, 0, 0, 0, 0, 0, 0, 1, 0, 0, 0, 0, 0, 0, 0, 0, 0, 0, 0, 0, 0, 0, 0, 0, 0, 1, 0, 0, 0, 0, 0, 0, 0, 0, 0, 0, 0, 0, 0, 0, 0, 0, 0, 0, 0, 0, 0, 0, 0, 0, 0, 0, 0, 0, 0, 1, 0, 0, 0, 0, 0, 0]
15d29030
spikes : [-4.91882  -2.67557  -1.74763   0.18553   0.20137   0.22057   0.23453
  0.25304   0.281655  0.30215   0.32917   0.89466   3.63389   5.57914 ]
-4.91882 -50
-2.67557 -27
-1.74763 -18
0.18553 1
0.20137 2
0.22057 2
0.23453 2
0.25304 2
0.281655 2
0.30215 3
0.32917 3
0.89466 8
3.63389 36
5.57914 55
[0, 1, 5, 2, 0, 0, 0, 0, 1, 0, 0, 0, 0, 0, 0, 0, 0, 0, 0, 0, 0, 0, 0, 0, 0, 0, 0, 0, 0, 0, 0, 0, 0, 0, 0, 0, 1, 0, 0, 0, 0, 0, 0, 0, 0, 0, 0, 0, 0, 0, 0, 0, 0, 0, 0, 1, 0, 0, 0, 0, 0, 0, 0, 0, 0, 0, 0, 0, 0, 0, 0, 0, 0, 0, 0, 0, 0, 0, 0, 0, 0, 0, 0, 0, 0, 0, 0, 0, 0, 0, 0, 0, 0, 0, 0, 0, 0, 0, 0, 0]
15d29031
spikes : [-5.12028  -2.968218  2.156616  2.771901  7.020288]
-5.12028 -52
-2.968218 -30
2.156616 21
2.771901 27
7.020288 70
[0, 0, 0, 0, 0, 0, 0, 0, 0, 0, 0, 0, 0, 0, 0, 0, 0, 0, 0, 0, 0, 1, 0, 0, 0, 0, 0, 1, 0, 0, 0, 0, 0, 0, 0, 0, 0, 0, 0, 0, 0, 0, 0, 0, 0, 0, 0, 0, 0, 0, 0, 0, 0, 0, 0, 0, 0, 0, 0, 0, 0, 0, 0, 0, 0, 0, 0, 0, 0, 0, 1, 0, 0, 0, 0, 0, 0, 0, 0, 0, 0, 0, 0, 0, 0, 0, 0, 0, 0, 0, 0, 0, 0, 0, 0, 0, 0, 0, 0, 0]
15d29032
spikes : [-4.726953 -1.057617 -0.928719 -0.502128  6.475293  7.028109  7.459749
  7.472124  8.13285   8.157897  9.099684]
-4.726953 -48
-1.057617 -11
-0.928719 -10
-0.502128 -6
6.475293 64
7.028109 70
7.459749 74
7.472124 74
8.13285 81
8.157897 81
9.099684 90
[0, 0, 0, 0, 0, 0, 0, 0, 0, 0, 0, 0, 0, 0, 0, 0, 0, 0, 0, 0, 0, 0, 0, 0, 0, 0, 0, 0, 0, 0, 0, 0, 0, 0, 0, 0, 0, 0, 0, 0, 0, 0, 0, 0, 0, 0, 0, 0, 0, 0, 0, 0, 0, 0, 0, 0, 0, 0, 0, 0, 0, 0, 0, 0, 1, 0, 0, 0, 0, 0, 1, 0, 0, 0, 2, 0, 0, 0, 0, 0, 0, 2, 0, 0, 0, 0, 0, 0, 0, 0, 1, 0, 0, 0, 0, 0, 0, 0, 0, 0]
15d29033
spikes : [ -4.073061  -1.821105  -1.852021  -1.821101  -1.011151   2.548259
   2.995739   3.089199   3.255519  12.029787  12.195609]
-4.073061 -41
-1.821105 -19
-1.852021 -19
-1.821101 -19
-1.011151 -11
2.548259 25
2.995739 29
3.089199 30
3.255519 32
12.029787 120
12.195609 121
[0, 0, 0, 0, 0, 0, 0, 0, 0, 0, 0, 0, 0, 0, 0, 0, 0, 0, 0, 0, 0, 0, 0, 0, 0, 1, 0, 0, 0, 1, 1, 0, 1, 0, 0, 0, 0, 0, 0, 0, 0, 0, 0, 0, 0, 0, 0, 0, 0, 0, 0, 0, 0, 0, 0, 0, 0, 0, 0, 0, 0, 0, 0, 0, 0, 0, 0, 0, 0, 0, 0, 0, 0, 0, 0, 0, 0, 0, 0, 0, 0, 0, 0, 0, 0, 0, 0, 0, 0, 0, 0, 0, 0, 0, 0, 0, 0, 0, 0, 0]
15d29034
spikes : [ -2.492523   0.468666   1.106622   1.65726    3.428469   4.363326
   4.490541   4.688343   7.103745   8.347482   9.041373  15.962958]
-2.492523 -25
0.468666 4
1.106622 11
1.65726 16
3.428469 34
4.363326 43
4.490541 44
4.688343 46
7.103745 71
8.347482 83
9.041373 90
15.962958 159
[0, 0, 0, 0, 1, 0, 0, 0, 0, 0, 0, 1, 0, 0, 0, 0, 1, 0, 0, 0, 0, 0, 0, 0, 0, 0, 0, 0, 0, 0, 0, 0, 0, 0, 1, 0, 0, 0, 0, 0, 0, 0, 0, 1, 1, 0, 1, 0, 0, 0, 0, 0, 0, 0, 0, 0, 0, 0, 0, 0, 0, 0, 0, 0, 0, 0, 0, 0, 0, 0, 0, 1, 0, 0, 0, 0, 0, 0, 0, 0, 0, 0, 0, 1, 0, 0, 0, 0, 0, 0, 1, 0, 0, 0, 0, 0, 0, 0, 0, 0]
15d29035
spikes : [ -4.310361   0.222552   0.236709   0.251856   0.26433    0.280269
   0.293337   0.306903   0.323928   0.348283   0.376002   0.408673
   0.497178   0.561528   0.771603   0.803383   7.024347   7.828423
   9.026424  11.399058  11.413512]
-4.310361 -44
0.222552 2
0.236709 2
0.251856 2
0.26433 2
0.280269 2
0.293337 2
0.306903 3
0.323928 3
0.348283 3
0.376002 3
0.408673 4
0.497178 4
0.561528 5
0.771603 7
0.803383 8
7.024347 70
7.828423 78
9.026424 90
11.399058 113
11.413512 114
[0, 0, 6, 4, 2, 1, 0, 1, 1, 0, 0, 0, 0, 0, 0, 0, 0, 0, 0, 0, 0, 0, 0, 0, 0, 0, 0, 0, 0, 0, 0, 0, 0, 0, 0, 0, 0, 0, 0, 0, 0, 0, 0, 0, 0, 0, 0, 0, 0, 0, 0, 0, 0, 0, 0, 0, 0, 0, 0, 0, 0, 0, 0, 0, 0, 0, 0, 0, 0, 0, 1, 0, 0, 0, 0, 0, 0, 0, 1, 0, 0, 0, 0, 0, 0, 0, 0, 0, 0, 0, 1, 0, 0, 0, 0, 0, 0, 0, 0, 0]
15d29036
spikes : [ -5.852088  -5.77863   -5.716854  -5.650326  -5.615775  -5.274522
  -4.047714  -3.619935  -2.262843  -1.239381   0.197703   0.221265
   0.235026   0.245718   0.259182   0.274428   0.294921   0.321948
   0.361449   0.383823   0.416493   0.450351   0.45738    0.48609
   0.599544   0.762498   1.423818   1.845261   2.178      2.805066
   2.878425   3.054051   3.140577   3.165822   3.177009   3.503808
   3.518955   3.664782   3.715767   4.703787   4.711509   5.298282
   5.343426   5.366889   5.429358   5.443317   5.443317   6.413913
   6.642405   6.70428    6.776451   7.283133   8.705961   9.84258
  10.148193  10.42074   11.415591  13.920093  13.99662   15.035031]
-5.852088 -59
-5.77863 -58
-5.716854 -58
-5.650326 -57
-5.615775 -57
-5.274522 -53
-4.047714 -41
-3.619935 -37
-2.262843 -23
-1.239381 -13
0.197703 1
0.221265 2
0.235026 2
0.245718 2
0.259182 2
0.274428 2
0.294921 2
0.321948 3
0.361449 3
0.383823 3
0.416493 4
0.450351 4
0.45738 4
0.48609 4
0.599544 5
0.762498 7
1.423818 14
1.845261 18
2.178 21
2.805066 28
2.878425 28
3.054051 30
3.140577 31
3.165822 31
3.177009 31
3.503808 35
3.518955 35
3.664782 36
3.715767 37
4.703787 47
4.711509 47
5.298282 52
5.343426 53
5.366889 53
5.429358 54
5.443317 54
5.443317 54
6.413913 64
6.642405 66
6.70428 67
6.776451 67
7.283133 72
8.705961 87
9.84258 98
10.148193 101
10.42074 104
11.415591 114
13.920093 139
13.99662 139
15.035031 150
[0, 1, 6, 3, 4, 1, 0, 1, 0, 0, 0, 0, 0, 0, 1, 0, 0, 0, 1, 0, 0, 1, 0, 0, 0, 0, 0, 0, 2, 0, 1, 3, 0, 0, 0, 2, 1, 1, 0, 0, 0, 0, 0, 0, 0, 0, 0, 2, 0, 0, 0, 0, 1, 2, 3, 0, 0, 0, 0, 0, 0, 0, 0, 0, 1, 0, 1, 2, 0, 0, 0, 0, 1, 0, 0, 0, 0, 0, 0, 0, 0, 0, 0, 0, 0, 0, 0, 1, 0, 0, 0, 0, 0, 0, 0, 0, 0, 0, 1, 0]
