# Num : 333
0.624888
1.203840
1.226610
1.239282
1.251063
1.261557
1.281258
1.292247
1.305414
1.321551
1.338480
1.353924
1.373229
1.442232
1.477278
1.585683
2.246706
2.292840
2.308482
2.335707
2.790117
2.811996
3.203541
3.216015
3.236112
3.253734
3.263238
3.274227
3.287097
3.304323
3.325509
3.348477
3.386493
3.431538
3.487473
3.521925
3.622905
3.695274
3.939705
4.180275
4.212450
4.230369
4.251159
4.272246
4.287096
4.322241
4.375998
4.487373
4.529052
5.201856
5.222448
5.240169
5.269473
5.285511
5.313528
5.350653
5.366790
6.193143
6.218388
6.234426
6.246108
6.255612
6.266898
6.284223
6.312834
6.346593
6.361344
6.394905
7.188093
7.206111
7.224624
7.237593
7.251453
7.265511
7.279470
7.305210
7.352631
7.377579
7.389063
7.426188
7.553007
8.212149
8.255412
8.277687
8.310654
8.329563
8.414109
8.496180
9.219474
9.244719
9.261450
9.280953
9.300357
9.331542
9.363717
9.385200
9.461034
10.180665
10.184823
10.198386
10.226403
10.250460
10.266399
11.228283
11.240262
11.251746
11.264418
11.293524
11.345598
11.368170
11.390742
11.626758
12.247488
12.267090
12.284415
12.296988
12.318075
12.333321
12.363813
13.203333
13.219965
13.237686
13.251150
13.266594
13.281543
13.304808
13.413114
13.492611
13.627251
14.019489
14.192244
14.207787
14.224320
14.246001
14.278374
14.311539
14.361435
14.427072
15.186204
15.200163
15.221844
15.241644
15.255306
15.266196
15.281343
15.295500
15.339654
15.378660
15.485778
16.260057
16.274016
16.298073
16.365690
17.210160
17.223525
17.235306
17.245206
17.250453
17.261937
17.277183
17.291835
17.322525
18.008694
18.239364
18.255105
18.274014
18.293418
18.305991
18.325494
18.360144
18.398655
18.529236
19.197981
19.222830
19.240848
19.262529
19.282626
19.303614
19.332819
19.392615
19.432116
19.457559
20.076705
20.202633
20.229858
20.245797
20.260449
20.277675
21.206295
21.237282
21.252330
21.266289
21.276981
21.290643
21.323016
21.357765
21.587544
21.848805
21.878208
22.204017
22.257576
22.287771
23.190354
23.207283
23.230152
23.251536
23.268960
23.293611
23.318163
23.383503
23.426964
24.227775
24.240645
24.254505
24.267375
24.283314
24.313212
24.361227
25.222131
25.235793
25.252128
25.264008
25.279155
25.293312
25.315587
25.408152
25.456464
25.543683
26.242029
26.257275
26.270046
26.287272
26.308161
26.339049
26.393103
26.410032
26.696637
27.178074
27.225495
27.241236
27.261729
27.281529
27.378846
28.183716
28.204407
28.244997
28.257966
28.267965
28.283409
28.300932
28.376568
28.428543
29.252817
29.288556
29.310435
30.184407
30.204207
30.231135
30.249648
30.267171
30.301029
30.325383
30.347262
32.190939
33.442002
33.971652
34.062336
34.480512
35.797113
36.783252
36.812853
36.812853
37.290231
37.557729
38.736225
39.582576
39.582576
40.365567
43.453773
43.514559
44.270424
44.623854
44.623854
44.623854
44.687214
44.687214
44.692263
44.707113
44.707113
44.741763
47.075886
47.592765
47.611080
47.693745
49.330710
49.354371
49.368033
49.380210
49.389714
49.402188
49.412286
49.428522
49.442382
49.459311
49.473864
49.504455
49.573755
49.605039
49.640382
49.689981
50.020443
50.358033
50.629590
50.806998
51.620481
52.459803
52.506432
52.610382
52.610382
52.610382
52.612956
52.612956
52.616124
52.616124
52.625628
52.628202
52.629687
52.629687
52.631370
52.633647
52.650675
52.684335
52.711758
