# STIMULUS Start: 5.370453, End: 5.570433
-5.147307
-4.651020
-4.244328
-4.224627
-3.652803
-3.601224
-3.525588
-3.146022
-2.694384
-2.623203
-2.331153
-2.058903
-1.801206
-1.642707
-0.974259
-0.539550
0.232650
0.243738
0.256905
0.283041
0.310068
0.959409
1.492029
1.599840
2.128500
2.499255
2.723985
3.480642
3.542022
4.578255
4.614291
5.603103
6.591816
6.620328
6.752097
6.773976
8.579340
8.687646
9.015633
9.387180
10.196505
10.436382
10.667943
10.712493
11.048598
11.409552
12.090771
12.744171
13.199670
14.009787
14.213628
15.195807
15.586461
16.148979
16.184817
16.640811
16.692489
18.042453
18.102942
18.798021
19.371330
19.583883
19.772775
