# STIMULUS Start: 6.074046, End: 6.274026
-5.852088
-5.778630
-5.716854
-5.650326
-5.615775
-5.274522
-4.047714
-3.619935
-2.262843
-1.239381
0.197703
0.221265
0.235026
0.245718
0.259182
0.274428
0.294921
0.321948
0.361449
0.383823
0.416493
0.450351
0.457380
0.486090
0.599544
0.762498
1.423818
1.845261
2.178000
2.805066
2.878425
3.054051
3.140577
3.165822
3.177009
3.503808
3.518955
3.664782
3.715767
4.703787
4.711509
5.298282
5.343426
5.366889
5.429358
5.443317
5.443317
6.413913
6.642405
6.704280
6.776451
7.283133
8.705961
9.842580
10.148193
10.420740
11.415591
13.920093
13.996620
15.035031
