# STIMULUS Start: 5.466978, End: 5.667057
-5.449158
-5.403321
-5.239179
-5.137407
-5.080977
-5.025735
-4.958613
-4.760118
-4.596867
-4.504599
-4.191462
-4.149090
-4.124439
-3.666861
-2.951685
-2.878524
-2.860803
-2.825955
-2.595186
-2.504700
-2.431143
-2.431143
-2.431143
-2.246013
-2.159685
-2.040786
-1.623108
-1.248093
-1.040094
-0.667458
-0.120186
0.051682
0.092862
0.518760
0.549351
1.100088
1.306008
1.549746
1.710621
1.971585
2.252349
2.497869
2.665377
3.350655
3.461337
3.549843
3.792294
4.149684
4.368672
4.637160
4.684185
4.846347
4.950495
5.335803
5.748237
6.237594
6.482520
6.607953
6.693489
7.072461
7.293528
7.367778
7.403812
7.509744
7.594389
7.741701
7.766748
8.243730
8.432721
8.557758
8.884854
8.965539
9.242937
9.815751
10.814463
11.625966
11.893464
12.166704
12.216402
12.467367
12.707343
12.793572
13.460337
13.710015
14.524092
14.547654
14.724666
15.046020
15.226893
15.660513
15.689124
15.879006
16.018398
16.094925
16.420239
16.868610
16.919298
17.081955
17.106408
17.374005
17.470431
17.872272
17.930385
17.970579
18.024633
