# STIMULUS Start: 5.502816, End: 5.702895
-5.401539
-5.281353
-4.728339
-4.491828
-4.273434
-3.714876
-3.618549
-3.586077
-3.062664
-2.849319
-2.187856
-1.798632
-1.765863
-1.160973
-1.059696
-0.908424
-0.114146
0.356994
0.393525
0.483714
1.083555
1.243737
1.417878
1.775862
1.835856
3.132261
3.444012
3.792393
3.984552
4.671909
4.739823
4.777542
4.987422
5.171067
7.084044
7.186014
7.329267
7.592310
7.983261
8.057907
8.283231
8.414704
8.481726
8.509446
8.571915
9.018405
9.040779
9.611415
9.931185
9.966627
10.441926
10.499346
10.805553
11.036124
12.271347
12.573396
12.861189
13.033746
13.072653
13.338072
13.389651
13.615371
13.721103
13.813074
14.029488
14.323122
14.461722
