#Whole time :11.601116999999999
#Number of Spike :250
#Start time of stimulation  : 60582
#bs_cnt :54
#1sec spike : 65
#2sec spike : 110
0	592	3169	0.1861695	3.9196779592588675
1	3169	5890	0.4484205	3.712241859981662
2	5890	7234	0.6496379999999999	7.515632515632516
3	7234	7509	0.7297785	36.73094582185492
4	7509	9153	0.824769	6.144166728108335
5	9153	9269	0.911889	87.07767328456984
6	9269	9410	0.9246104999999999	71.63836951070994
7	9410	11097	1.0150964999999998	5.987557854777772
8	11097	13550	1.2200265	4.1178190383245425
9	13550	14283	1.3777335	13.780368487053344
10	14283	14454	1.4224815	59.070234508831
11	14454	15184	1.4670809999999999	13.837000138370001
12	15184	15686	1.528065	20.121534065757174
13	15686	16620	1.5991469999999999	10.814785975385549
14	16620	16758	1.6522109999999999	73.19572536963842
15	16758	17460	1.6937909999999998	14.388903277792169
16	17460	19551	1.8320444999999999	4.830707843620326
17	19551	21739	2.0438549999999998	4.616549406311746
18	21739	24530	2.2903154999999997	3.6191365464027596
19	24530	25954	2.498958	7.093405969810465
20	25954	29134	2.7268559999999997	3.1764182707578934
21	29134	29318	2.8933739999999997	54.896794027228815
22	29318	31264	2.9988089999999996	5.190652672667062
23	31264	32321	3.1474575	9.556300947029424
24	32321	33288	3.2476455	10.445718822140746
25	33288	34375	3.3493185	9.292557590625668
26	34375	34598	3.4141635	45.29600942156996
27	34598	34737	3.4320825	72.66913741733886
28	34737	35225	3.463119	20.698791190594473
29	35225	36493	3.550041	7.9660962941720035
30	36493	38669	3.720519	4.642008318478907
31	38669	39382	3.8635244999999996	14.166914587671952
32	39382	40475	3.9529215	9.241546295526168
33	40475	40649	4.015638	58.05178218971323
34	40649	40796	4.0315275	68.71435442864015
35	40796	41462	4.071771	15.166681833348502
36	41462	45202	4.289867999999999	2.7008048398422733
37	45202	45317	4.4806905	87.8348704435661
38	45317	46192	4.5296955	11.544011544011545
39	46192	47294	4.6275569999999995	9.166070872059985
40	47294	49199	4.7764035	5.302367507091917
41	49199	49930	4.9068855	13.818071273611631
42	49930	50292	4.960989	27.903342820469895
43	50292	51939	5.0604344999999995	6.132975167583546
44	51939	52255	5.157603	31.96522183863956
45	52255	53214	5.2207155	10.532857248185715
46	53214	55409	5.3768385	4.60182692528934
47	55409	56397	5.534396999999999	10.22369443422075
48	56397	56582	5.5924605	54.600054600054605
49	56582	56753	5.6100825	59.070234508831
50	56753	59356	5.7473955	3.8805263545947373
51	59356	59533	5.885005499999999	57.06785367802317
52	59533	59700	5.9020335	60.48509042521019
53	59700	60582	5.953958999999999	11.452392404773358
54	60582	60872	6.011972999999999	34.83106931382793
55	60872	61030	6.034148999999999	63.93044367727912
56	61030	61562	6.0683039999999995	18.98686109212425
57	61562	61714	6.102162	66.45401382243487
58	61714	62613	6.1541865	11.235828810912237
59	62613	63055	6.220566	22.85296402943462
60	63055	63157	6.247494	99.02951079421668
61	63157	63244	6.2568494999999995	116.10356437942646
62	63244	63366	6.267194999999999	82.7951647623779
63	63366	63449	6.2773425	121.69891687963977
64	63449	63544	6.286153499999999	106.3264221158958
65	63544	63632	6.295211999999999	114.78420569329661
66	63632	63702	6.303032999999999	144.3001443001443
67	63702	63796	6.311151	107.4575542660649
68	63796	63918	6.321842999999999	82.7951647623779
69	63918	63997	6.3317925	127.86088735455824
70	63997	64112	6.3413955	87.8348704435661
71	64112	64285	6.3556515	58.387341624335846
72	64285	64372	6.3685215	116.10356437942646
73	64372	64462	6.377282999999999	112.23344556677891
74	64462	64578	6.38748	87.07767328456984
75	64578	64697	6.399112499999999	84.8824378236143
76	64697	64801	6.410151	97.12509712509713
77	64801	64909	6.4206449999999995	93.52787130564909
78	64909	65074	6.4341585	61.21824303642486
79	65074	65213	6.4492065	72.66913741733886
80	65213	65310	6.460888499999999	104.13412475268147
81	65310	65397	6.4699965	116.10356437942646
82	65397	65547	6.4817279999999995	67.34006734006735
83	65547	65685	6.495984	73.19572536963842
84	65685	65785	6.507765	101.01010101010102
85	65785	65918	6.5192985	75.947444368497
86	65918	66029	6.5313764999999995	91.000091000091
87	66029	66181	6.544395	66.45401382243487
88	66181	66416	6.5635515	42.983021706425966
89	66416	66524	6.5805299999999995	93.52787130564909
90	66524	66729	6.596023499999999	49.27322000492733
91	66729	66884	6.6138435	65.16780710329098
92	66884	67205	6.6374055	31.46732118694736
93	67205	67254	6.655720499999999	206.14306328592045
94	67254	67288	6.659828999999999	297.08853238265004
95	67288	67374	6.665768999999999	117.45360582569886
96	67374	67444	6.673490999999999	144.3001443001443
97	67444	67565	6.6829455	83.47942232239753
98	67565	67569	6.689133	2525.2525252525256
99	67569	67673	6.694478999999999	97.12509712509713
100	67673	67936	6.7126455	38.406882513346396
101	67936	67987	6.7281885	198.05902158843335
102	67987	68089	6.735761999999999	99.02951079421668
103	68089	68095	6.741108	1683.5016835016838
104	68095	68209	6.7470479999999995	88.6053517632465
105	68209	68396	6.7619475	54.01609679684547
106	68396	68843	6.7933305	22.597338033579643
107	68843	69054	6.8259015	47.87208578677774
108	69054	69152	6.841196999999999	103.07153164296022
109	69152	69272	6.8519879999999995	84.17508417508418
110	69272	69472	6.867827999999999	50.50505050505051
111	69472	69601	6.8841135	78.30240388379924
112	69601	69759	6.89832	63.93044367727912
113	69759	69888	6.912526499999999	78.30240388379924
114	69888	70134	6.931088999999999	41.06101667077277
115	70134	70324	6.952671	53.1632110579479
116	70324	70436	6.967619999999999	90.1875901875902
117	70436	70522	6.977421	117.45360582569886
118	70522	70822	6.996528	33.670033670033675
119	70822	70825	7.0115264999999996	3367.0033670033677
120	70825	70854	7.0131105	348.31069313827936
121	70854	70956	7.019595	99.02951079421668
122	70956	71287	7.0410284999999995	30.516646830846227
123	71287	71560	7.0709265	37.000037000037004
124	71560	71761	7.094389499999999	50.25378159706518
125	71761	72037	7.118001	36.59786268481921
126	72037	72175	7.138494	73.19572536963842
127	72175	72578	7.1652735	25.064541193573454
128	72578	72758	7.194132	56.116722783389456
129	72758	73027	7.2163575	37.55022342382937
130	73027	73352	7.245760499999999	31.080031080031084
131	73352	73490	7.268679	73.19572536963842
132	73490	73513	7.276648499999999	439.1743522178305
133	73513	73667	7.28541	65.59097468188378
134	73667	73937	7.306398	37.41114852225964
135	73937	74129	7.329267	52.60942760942762
136	74129	74474	7.3558485	29.278290147855365
137	74474	74583	7.378321499999999	92.66981744045965
138	74583	74759	7.392429	57.39210284664831
139	74759	74775	7.401933	631.3131313131314
140	74775	75393	7.433316	16.3446765388513
141	75393	75489	7.468659	105.21885521885524
142	75489	75717	7.484697	44.30267588162325
143	75717	75959	7.507961999999999	41.73971116119876
144	75959	76266	7.535137499999999	32.902313032606195
145	76266	76388	7.556373	82.7951647623779
146	76388	76450	7.565480999999999	162.91951775822744
147	76450	76497	7.5708765	214.9151085321298
148	76497	76657	7.581123	63.131313131313135
149	76657	76763	7.59429	95.2925481227368
150	76763	77080	7.6152285	31.864385176688014
151	77080	77418	7.647651	29.884645269260655
152	77418	77691	7.677895499999999	37.000037000037004
153	77691	77841	7.698834	67.34006734006735
154	77841	77931	7.710713999999999	112.23344556677891
155	77931	78677	7.752096	13.540228017439816
156	78677	78834	7.7967945	64.33764395547836
157	78834	78939	7.8097635	96.2000962000962
158	78939	79117	7.823772	56.74724775848372
159	79117	79223	7.837829999999999	95.2925481227368
160	79223	79630	7.863223499999999	24.818206636388457
161	79630	79814	7.892478	54.896794027228815
162	79814	80215	7.921435499999999	25.18955137409003
163	80215	80899	7.975142999999999	14.76755862720775
164	80899	81225	8.025138	30.98469356138068
165	81225	81465	8.053155	42.08754208754209
166	81465	81778	8.0805285	32.271597766805435
167	81778	81908	8.102457	77.7000777000777
168	81908	81991	8.1130005	121.69891687963977
169	81991	82910	8.162599499999999	10.991305877051254
170	82910	83032	8.214129	82.7951647623779
171	83032	83858	8.261054999999999	12.228825788147821
172	83858	84258	8.321741999999999	25.252525252525256
173	84258	84350	8.346096	109.79358805445763
174	84350	84626	8.364312	36.59786268481921
175	84626	84891	8.3910915	38.117019249094724
176	84891	85088	8.4139605	51.27416294928985
177	85088	85241	8.4312855	66.01967386281112
178	85241	85672	8.460193499999999	23.43621833180998
179	85672	85773	8.4865275	100.01000100010002
180	85773	85974	8.501476499999999	50.25378159706518
181	85974	86243	8.5247415	37.55022342382937
182	86243	86973	8.574192	13.837000138370001
183	86973	87016	8.6124555	234.90721165139772
184	87016	87162	8.621811	69.18500069185001
185	87162	88180	8.679428999999999	9.922406778988313
186	88180	88437	8.7425415	39.30354124906655
187	88437	88828	8.7746175	25.833785424578263
188	88828	88930	8.799021	99.02951079421668
189	88930	89243	8.8195635	32.271597766805435
190	89243	89481	8.846838	42.44121891180715
191	89481	89749	8.871884999999999	37.690336197798885
192	89749	90528	8.9237115	12.966636843401927
193	90528	90676	8.969598	68.25006825006825
194	90676	91376	9.011574	14.43001443001443
195	91376	91647	9.0596385	37.273100003727315
196	91647	92229	9.101861999999999	17.355687458780242
197	92229	92931	9.16542	14.388903277792169
198	92931	93075	9.207296999999999	70.14590347923682
199	93075	93386	9.2298195	32.47913215758875
200	93386	94732	9.311841	7.504465156768278
201	94732	95467	9.4148505	13.74287088572803
202	95467	95584	9.4570245	86.333419666753
203	95584	96211	9.4938525	16.11006395695391
204	96211	97037	9.565776	12.228825788147821
205	97037	97515	9.630324	21.131820295000214
206	97515	97937	9.674873999999999	23.93604289338887
207	97937	98458	9.7215525	19.38773531863743
208	98458	98860	9.767241	25.12689079853259
209	98860	98932	9.790704	140.29180695847364
210	98932	99017	9.798475499999999	118.83541295306003
211	99017	99100	9.8067915	121.69891687963977
212	99100	99204	9.816047999999999	97.12509712509713
213	99204	100885	9.9044055	6.008929268893576
214	100885	101073	9.996920999999999	53.72877713303245
215	101073	102178	10.060924499999999	9.141185611773848
216	102178	102812	10.147005	15.932192588344007
217	102812	103104	10.192841999999999	34.592500345925004
218	103104	103164	10.210265999999999	168.35016835016836
219	103164	103460	10.227888	34.12503412503413
220	103460	103462	10.242638999999999	5050.505050505051
221	103462	103464	10.242837	5050.505050505051
222	103464	103723	10.255756499999999	39.000039000039
223	103723	104423	10.303227	14.43001443001443
224	104423	104521	10.342728	103.07153164296022
225	104521	105701	10.405989	8.560178051703476
226	105701	106508	10.5043455	12.516741141276459
227	106508	107131	10.5751305	16.213499359566775
228	107131	107351	10.616859	45.91368227731865
229	107351	107472	10.6337385	83.47942232239753
230	107472	107717	10.6518555	41.22861265718409
231	107717	107724	10.6643295	1443.0014430014432
232	107724	108248	10.690614	19.276736833988743
233	108248	108369	10.7225415	83.47942232239753
234	108369	108402	10.730164499999999	306.0912151821243
235	108402	108911	10.7569935	19.844813557976625
236	108911	108978	10.7855055	150.76134479119554
237	108978	109541	10.8166905	17.94140337657212
238	109541	110346	10.884406499999999	12.547838634795156
239	110346	110941	10.9537065	16.97648756472286
240	110941	111739	11.02266	12.657907394749502
241	111739	112143	11.082158999999999	25.002500250025005
242	112143	112652	11.127352499999999	19.844813557976625
243	112652	113245	11.181901499999999	17.033743846560036
244	113245	113614	11.2295205	27.37401111384851
245	113614	113775	11.2557555	62.73919317397579
246	113775	114350	11.292187499999999	17.56697408871322
247	114350	114352	11.320749	5050.505050505051
248	114352	114355	11.3209965	3367.0033670033677
249	114355	114789	11.342628	23.274216822603922
250	114789	114791	11.36421	5050.505050505051
251	114791	115532	11.400988499999999	13.631592578961001
252	115532	115790	11.450439	39.15120194189962
253	115790	115991	11.4731595	50.25378159706518
254	115991	116374	11.502067499999999	26.37339451960862
255	116374	116376	11.521125	5050.505050505051
256	116376	116764	11.540429999999999	26.033531188170368
0.31848299999999996	3.813140845983428
0.537669	4.969746667163641
0.680823	12.478085362581966
0.788535	10.527368526326319
0.855657	11.478420569329662
0.918423	78.6070824981331
0.982575	11.051433370908207
1.123848	4.879715024642561
1.284624	6.340872630891464
1.395405	22.347367480110844
1.44936	22.421776028879247
1.4956919999999998	16.397743670470945
1.56717	14.068259193607384
1.619046	18.845168098899443
1.677654	24.05002405002405
1.7743769999999999	7.233089939856857
1.9387169999999998	4.721201262449218
2.1720599999999997	4.057445310709018
2.383326	4.792887355164936
2.627361	4.387927932671634
2.7853649999999996	6.005356778246195
2.9605949999999996	9.484516526770049
3.065733	6.727279454552182
3.196809	9.981235277677966
3.2994719999999997	9.835452873427556
3.3746129999999996	15.421389467190995
3.42243	55.80668564093979
3.4504469999999996	32.22012791390782
3.5130149999999998	11.50456731322335
3.642705	5.86585952439611
3.7799189999999996	6.992738041543857
3.9112919999999995	11.186057697685605
3.976632	15.944767325982797
4.023359999999999	62.93464237389472
4.055931	24.84873333581821
4.2061139999999995	4.585115797099456
4.355307	5.240472166542206
4.51143	20.40608101214162
4.580432999999999	10.218523116853921
4.708539	6.718330629205256
4.831893	7.6638923376404415
4.930892999999999	18.483092591052337
5.02128	10.055759184679046
5.098005	10.291401019877842
5.194431	15.844721727074667
5.308974	6.405206151559988
5.445594	6.346848948168458
5.5567709999999995	17.22252361638551
5.601122999999999	56.74724775848372
5.6987369999999995	7.282631651773685
5.7961529999999994	7.2669137417338865
5.893370999999999	58.72680291284943
5.9338619999999995	19.25836053576759
5.978015999999999	17.237218602406315
6.021972	45.0937950937951
6.054246	29.278290147855365
6.082065	29.5351172544155
6.1343369999999995	19.22171284683178
6.18354	15.06489202238643
6.231159	37.136066547831255
6.252047999999999	106.88899577788467
6.262245	96.66038374172346
6.271947	98.54644000985466
6.281847	113.49449551696743
6.290559	110.39355301650384
6.298973999999999	127.86088735455824
6.30729	123.1830500123183
6.316694999999999	93.52787130564909
6.326397	100.50756319413036
6.336891	104.13412475268147
6.348968999999999	70.14590347923682
6.361344	77.7000777000777
6.372927	114.13570735604634
6.38253	98.06805923310779
6.393320999999999	85.96604341285193
6.404508	90.59201884313993
6.415398	95.2925481227368
6.427872	74.00007400007401
6.441434999999999	66.45401382243487
6.454701	85.60178051703475
6.465293999999999	109.79358805445763
6.476381999999999	85.2405915697055
6.488757	70.14590347923682
6.5015279999999995	84.8824378236143
6.5138039999999995	86.70394936489357
6.52509	82.7951647623779
6.538157999999999	76.81376502669279
6.5545919999999995	52.20160258919949
6.570926999999999	58.898018081691546
6.5890439999999995	64.54319553361087
6.604488	56.116722783389456
6.626961	42.44121891180715
6.644285999999999	54.600054600054605
6.6576509999999995	243.39783375927954
6.663195	168.35016835016836
6.669432	129.5001295001295
6.6786389999999995	105.76973927759269
6.685073999999999	161.61616161616163
6.692597999999999	187.05574261129817
6.704873999999999	55.04637657226213
6.718635	64.33764395547836
6.732396	132.03934772562224
6.737642999999999	187.05574261129817
6.744968999999999	168.35016835016836
6.7550669999999995	67.11634618611363
6.779718	31.864385176688014
6.807636	30.702158361732835
6.832584	65.3787061554052
6.846741	92.66981744045965
6.860501999999999	63.131313131313135
6.8753519999999995	61.40431672346567
6.8913899999999995	70.39031429275333
6.905150999999999	70.39031429275333
6.922772999999999	53.872053872053876
6.9413849999999995	46.334908720229826
6.959502	66.89410662920598
6.9722729999999995	102.0304050607081
6.988707	52.336839901606744
7.001576999999999	66.67333400006667
7.012467	631.3131313131314
7.016921999999999	154.21389467190994
7.0321679999999995	46.65593580143234
7.055433	33.44705331460299
7.082064	42.62029578485275
7.106814	42.35224361010525
7.127109	48.797150246425616
7.154037	37.341996676562296
7.177797	34.651835680995205
7.205913	44.99336347888687
7.2314549999999995	34.010135020236035
7.255610999999999	43.63287300652312
7.271648999999999	125.47838634795158
7.282044	114.13570735604634
7.2967949999999995	47.6462740613684
7.317189	43.727316454589186
7.343819999999999	37.62014935199293
7.365105	44.49784185467005
7.385895	70.88428141059721
7.395795	105.21885521885524
7.422524999999999	31.864385176688014
7.446681	28.294145941204764
7.477766999999999	62.35191420376606
7.496378999999999	42.983021706425966
7.5220199999999995	36.79785100550128
7.5441959999999995	47.09095618186528
7.560432	109.79358805445763
7.568054999999999	185.3396348809193
7.576866	97.59430049285123
7.587261	75.947444368497
7.606466999999999	47.75891300713996
7.631613	30.84277893438199
7.662203999999999	33.0638628510969
7.6873499999999995	47.75891300713996
7.704279	84.17508417508418
7.736751	24.165095935430866
7.769519999999999	22.37211539537121
7.802784	77.10694733595497
7.817336999999999	71.38523039583112
7.830207	71.13387395077537
7.852976999999999	39.38015633922067
7.875945	34.18277529952657
7.908714	34.533367866701205
7.950590999999999	18.619373458083135
7.997121	20.002000200020003
8.038404	35.69261519791556
8.067411	36.53168210130236
8.089983	45.602754406366145
8.107308	94.8451652677005
8.144630999999999	20.161696808403395
8.181756	19.406359463996353
8.243333999999999	21.310147892426375
8.287884	16.477993639494457
8.331344999999999	41.06101667077277
8.356689	54.896794027228815
8.377578	37.341996676562296
8.401931999999999	43.727316454589186
8.422227	57.72005772005772
8.447967	34.592500345925004
8.470638	37.9737221842485
8.494793999999999	66.89410662920598
8.513603999999999	42.983021706425966
8.553204	20.22224244446467
8.587655999999999	26.1345668848903
8.617949999999999	106.88899577788467
8.657748	17.355687458780242
8.704673999999999	15.844721727074667
8.759618999999999	31.17595710188303
8.784369	40.977728604503454
8.811	48.679566751855916
8.832581999999999	36.66428348823994
8.859608999999999	39.92494111071186
8.901981	19.295148234976317
8.941383	21.79290205180173
8.99514	23.8231370306842
9.032067	20.805376109186614
9.08325	23.683493789003755
9.134630999999999	15.73366059347368
9.181754999999999	23.87945650356998
9.21987	44.40004440004441
9.279368999999999	12.191925287881837
9.358272	9.707842480547912
9.430838999999999	23.711291316925124
9.479645999999999	27.153252959704574
9.531423	13.903661529263731
9.595179	15.49234678069034
9.652104	22.44668911335578
9.699029999999999	21.4231391325771
9.743381999999999	21.887345831007803
9.77625	42.62029578485275
9.794664	128.6752879109567
9.802584	120.25012025012026
9.811593	108.03219359369093
9.873171	11.317658376481907
9.938312999999999	10.808999573044517
10.036422	15.624145554539988
10.100079	11.61703289362864
10.167102	21.81643650326156
10.199574	57.39210284664831
10.220958	56.74724775848372
10.232838	67.79201410073894
10.242738	5050.505050505051
10.251351	77.40237625295097
10.28313	21.06571449637143
10.317978	25.315814789499004
10.383218999999999	15.807527544616747
10.452024	10.167096226482236
10.538153999999999	14.127286854559582
10.592604	23.96443677582468
10.624481999999999	59.2434610029918
10.643787	55.19677650825192
10.656063	80.16674683341351
10.681704	38.04523578534878
10.703187	31.320961553519695
10.725560999999999	131.18194936376756
10.74744	37.273100003727315
10.767536999999999	35.07295173961841
10.805157	32.0666987333654
10.852478999999999	14.76755862720775
10.917323999999999	14.43001443001443
10.989792	14.502527065341136
11.049093	16.807005159750585
11.105621999999999	22.12707579629814
11.15532	18.33214174411997
11.20383	21.000021000021004
11.240855999999999	38.117019249094724
11.277387	27.448397013614407
11.301741	35.01216672793796
11.320848	4040.4040404040406
11.335301999999999	46.228879180824265
11.349855	46.334908720229826
11.388663	27.189798387644956
11.421729	20.22224244446467
11.461329	44.01311590854075
11.489049	34.592500345925004
11.508453	52.472779745507026
11.533895999999999	51.800051800051804


0.417879	4.562335185641419
0.58905	6.982265046781176
0.737154	9.286861876503313
0.8208089999999999	14.890923981833074
0.8746649999999999	15.940573541836038
0.963468	15.587978550941514
1.072269	7.078493413461879
1.196415	6.218557419049929
1.321254	9.026818678293209
1.4223329999999998	18.54530618300508
1.475199	21.598738633663796
1.5331139999999999	13.990318699459975
1.5901379999999998	19.252242886296255
1.646469	17.081753271155755
1.742103	10.338802559887514
1.868823	6.083724212613994
2.06118	4.286142900004286
2.271357	4.732630064505749
2.508561	4.097772860450346
2.696166	6.32895369737475
2.862783	5.7067853678023175
3.0203909999999996	9.508324538133136
3.123153	7.633005114113427
3.248388	9.740607619103281
3.3308549999999997	13.308313703570622
3.3906509999999996	20.91306439132526
3.438567	35.65062388591801
3.491037	15.991045014791718
3.5918189999999997	7.706772711859182
3.7067579999999998	7.289639235754223
3.8366459999999996	7.6100025874008805
3.939507	15.304560759106213
3.9921749999999996	21.43071450002143
4.043654999999999	30.70215836173283
4.160673	6.655618340221899
4.276206	6.702727339754547
4.409757	6.4065603177653925
4.554099	14.485196129555595
4.653	7.806035626746601
4.767147	8.106749679783388
4.868621999999999	10.107748600076821
4.9836599999999995	11.059500110595001
5.059296	13.033561420658195
5.140575	10.370646920954929
5.267195999999999	8.732861758798359
5.377482	7.316038218983657
5.4845999999999995	8.99733678831066
5.572215	22.54689754689755
5.669928	10.240970024680738
5.7475439999999995	10.268732735693089
5.8246649999999995	10.282670615212183
5.919408	24.716990459241682
5.956929	22.631090592255642
5.994053999999999	22.7842333105491
6.040089	30.921459492888065
6.068105999999999	35.98934715324264
6.111171	19.14278604108042
6.161364	20.296738314152915
6.200766	21.000021000021004
6.238683	48.023819814628055
6.257295	97.43739647276625
6.267096	103.77750103777501
6.276599999999999	101.01010101010102
6.2862029999999995	113.9211665527455
6.294518999999999	119.77482333213558
6.303132	120.25012025012026
6.312437999999999	105.95465140919687
6.321447	102.72213662044172
6.331544999999999	95.89566551591868
6.343722	82.5695648583932
6.354908999999999	80.80808080808082
6.3663929999999995	86.58008658008659
6.377975999999999	103.4233116144379
6.388172999999999	93.24009324009326
6.398765999999999	89.38946992044337
6.409853999999999	91.54994049253868
6.422129999999999	80.37939072421833
6.434901	73.55104442483083
6.447474	75.56865412227009
6.4595519999999995	93.81743127873159
6.471234	90.72763563781528
6.4829159999999995	80.80808080808082
6.4946969999999995	78.1005935645111
6.507567	81.67932696234584
6.519545999999999	88.09020436927415
6.531822	76.52280379553108
6.547464	60.849458439819884
6.562412999999999	61.21824303642485
6.579738	55.29750055297501
6.597162	64.75006475006475
6.616664999999999	44.49784185467006
6.6347819999999995	57.720057720057724
6.648542999999999	75.00750075007501
6.6607199999999995	179.30787161556393
6.666659999999999	159.48963317384369
6.674283	109.39722131057871
6.681311999999999	155.4001554001554
6.688637999999999	132.32764324467382
6.7008149999999995	81.67932696234584
6.711309	72.4952878062926
6.7241789999999995	72.84382284382285
6.734573999999999	190.58509624547364
6.741404999999999	136.5001365001365
6.751503	98.70693909781858
6.770115	40.5120725976341
6.793875	35.86157432311279
6.817239	40.083373416706756
6.83892	70.63643427279791
6.854463	72.4952878062926
6.8680259999999995	67.4900452183303
6.883074	62.223881525729574
6.89832	72.84382284382285
6.914655	56.85371539030076
6.932574	53.63368195226602
6.949305	55.29750055297501
6.965045999999999	78.1005935645111
6.982074	60.849458439819884
6.9944489999999995	77.8998208304121
7.004745	91.27418765972982
7.015536	226.1420171867933
7.027019999999999	65.59097468188378
7.045235999999999	42.92213923941969
7.067709	37.64351590438547
7.0944389999999995	40.40404040404041
7.116416999999999	49.273220004927325
7.141563	37.09061236601016
7.166313	42.02916824276048
7.190766	35.566936975387684
7.219872	39.151201941899615
7.242444	41.39758238118895
7.261155	62.35191420376606
7.276994999999999	96.20009620009621
7.291448999999999	67.79201410073894
7.307289	49.193231011412834
7.331048999999999	37.55022342382937
7.353719999999999	46.908715639365795
7.374114	48.100048100048106
7.390053	100.67451927917044
7.4128229999999995	37.41114852225964
7.435295999999999	41.511000415110004
7.458957	32.16882197773918
7.488261	53.53892279687334
7.509842999999999	39.000039000039
7.532118	45.160998961297025
7.550235	61.71696599395174
7.563599999999999	131.18194936376756
7.573302	112.65067027148812
7.582509	96.81479330041631
7.598151	51.9777535214928
7.620920999999999	39.82001353880461
7.646561999999999	32.654127481713694
7.6731929999999995	39.82001353880461
7.694279999999999	59.070234508831
7.725465	30.73329645337759
7.753679999999999	30.51664683084623
7.780905	30.062530062530065
7.8102089999999995	68.87052341597797
7.823772	77.8998208304121
7.8434729999999995	43.853878875586545
7.8651539999999995	43.47637059258293
7.8922799999999995	30.547409579667647
7.933761	23.87945650356998
7.973261999999999	21.476279449348198
8.014149	24.242424242424242
8.052759	34.47443720481263
8.077805999999999	44.3675407072186
8.096715	57.61032377001959
8.132454	26.76946139843667
8.16354	26.95999137280276
8.211753	16.230867864504717
8.267885999999999	22.479992806402304
8.303526	22.991677012921325
8.343027	39.45707070707071
8.368568999999999	47.87208578677773
8.389062	41.061016670772766
8.411139	49.273220004927325
8.437076999999999	38.800294882241104
8.458857	44.238000442380006
8.480834999999999	41.34110546116003
8.505585	53.070105609510165
8.537759999999999	25.252525252525256
8.568548999999999	29.081602977956145
8.597952	32.97391763115376
8.645868	25.10607315909719
8.682101999999999	21.325144477853836
8.726949	18.18909381934592
8.770707	40.40404040404041
8.797041	37.596811790360185
8.82288	46.405865701424666
8.84565	37.000037000037
8.88525	23.582124749439924
8.920691999999999	25.358184354000255
8.967618	18.6250954536142
9.014543999999999	27.080456034879628
9.056718	19.51257585513864
9.112454999999999	19.48747929455325
9.15453	21.220609455903574
9.197595	26.191037426992484
9.259568999999999	16.825669240994063
9.322334999999999	12.668490929360495
9.384407999999999	13.786637990459647
9.454302	20.488864302251727
9.511325999999999	19.301293186643505
9.562014	15.692920923371469
9.620325	17.556796235822887
9.675863999999999	21.325144477853836
9.721008	22.530134054297623
9.756053999999999	30.455306837216387
9.782784	54.20935653493794
9.798722999999999	126.26262626262627
9.807236999999999	111.40819964349377
9.855549	16.22217896307832
9.906435	15.358859758251548
9.982664999999999	10.189317519512544
10.071963	15.7254957462534
10.126809	14.920251257031168
10.178586	30.73329645337759
10.210365	46.76393565282454
10.226403	84.64533604198408
10.235313	101.01010101010102
10.249172999999999	115.22064754003918
10.273031999999999	31.532809888689187
10.299168	28.668902841088272
10.354607999999999	15.32003554248246
10.423511999999999	14.533827483467773
10.490535	11.610356437942645
10.560528	18.36547291092746
10.604384999999999	31.434678737583305
10.634283	51.71165580721895
10.649033999999999	81.2413681046389
10.671209999999999	39.05029678225555
10.693385999999999	46.47704034207102
10.710315	44.69473496022169
10.739718	45.70592805886923
10.757835	49.758670448325624
10.786842	26.60494319844627
10.834956	21.117094287825996
10.885149	15.437101529816763
10.953458999999999	13.786637990459647
11.017907999999998	16.863122038414193
11.074931999999999	17.710713210420984
11.131955999999999	20.121534065757174
11.178386999999999	20.600292524153847
11.218779	26.983998488896084
11.260854	27.423556835321545
11.288177999999998	41.061016670772766
11.306592	52.2466039707419
11.331639	69.0274038793401
11.342528999999999	69.0274038793401
11.371734	25.745990062047838
11.407274999999998	30.272757545484822
11.437073999999999	25.252525252525256
11.476179	35.98934715324264
11.497067999999999	51.71165580721895
11.521224	39.20185032733545
