1.0718729999999999
1.4164919999999999
1.436688
1.5044039999999999
1.59687
1.80477
1.9927709999999998
2.187801
2.1980969999999997
2.282247
2.732499
3.377286
4.0827599999999995
4.715865
4.83615
4.844862
4.866642
5.105925
5.765066999999999
5.775066
5.823773999999999
5.871096
5.897727
5.904656999999999
5.910596999999999
5.915349
5.919804
5.92416
5.928318
5.932277999999999
5.936534999999999
5.940594
5.944653
5.949108
5.953463999999999
5.958117
5.962670999999999
5.967324
5.979303
6.002567999999999
6.008805
6.0270209999999995
6.036129
6.092757
6.110379
6.118595999999999
6.128693999999999
6.140178
6.151266
6.160176
6.174035999999999
6.182747999999999
6.191954999999999
6.208685999999999
6.239178
6.245216999999999
6.250464
6.259275
6.269373
6.282144
6.293925
6.307785
6.320358
6.340554
6.362334
6.370848
6.378768
6.394113
6.403913999999999
6.41817
6.4508399999999995
6.471134999999999
6.484598999999999
6.4847969999999995
6.507467999999999
6.5076659999999995
6.520833
6.552216
6.560829
6.648444
6.683589
6.711704999999999
6.7767479999999995
6.826248
6.8328809999999995
6.8562449999999995
6.910298999999999
6.921288
6.970095
7.060085999999999
7.092756
7.149185999999999
7.194725999999999
7.283034
7.295013
7.362629999999999
7.417674
7.431435
7.4646989999999995
7.508357999999999
7.621218
7.722891
7.744274999999999
7.822881
7.981875
8.174133
8.225909999999999
8.351837999999999
8.806545
8.848521
9.210267
9.299268
9.339758999999999
9.452916
9.461231999999999
9.471924
9.520137
9.728136
9.809415
9.944450999999999
9.956726999999999
10.083248999999999
10.337480999999999
10.369952999999999
10.370249999999999
10.403514
10.438263
10.728036
11.206899
11.39391
11.450538
11.546270999999999
11.763378
11.771199
11.871782999999999
11.903661
12.1275
12.142745999999999
12.424698
12.446774999999999
12.646953
12.73932
12.762386999999999
12.769910999999999
12.791393999999999
12.877028999999999
12.941576999999999
12.990086999999999
13.009392
13.199273999999999
