0.8712989999999999
1.409265
3.1801769999999996
3.398472
4.203837
4.231458
4.258089
4.4289629999999995
4.490937
4.588353
4.759227
5.1989849999999995
5.242643999999999
5.927525999999999
5.969501999999999
5.985738
5.995934999999999
6.00732
6.017913
6.037317
6.053948999999999
6.071769
6.09246
6.113150999999999
6.131862
6.150869999999999
6.164235
6.18255
6.19839
6.216507
6.23304
6.248385
6.264323999999999
6.27957
6.297192
6.309170999999999
6.330158999999999
6.344018999999999
6.357186
6.365799
6.382134
6.396687
6.419753999999999
6.436089
6.447177
6.46371
6.4854899999999995
6.499548
6.511329
6.528852
6.544791
6.562907999999999
6.587361
6.601814999999999
6.621912
6.633297
6.6470579999999995
6.647354999999999
6.664878
6.681806999999999
6.702497999999999
6.720318
6.739425
6.755363999999999
6.773877
6.791201999999999
6.815358
6.841889999999999
6.854165999999999
6.873470999999999
6.899903999999999
6.9130709999999995
6.933564
6.94881
6.977817
7.00524
7.040483999999999
7.058799
7.069292999999999
7.087707
7.117902
7.135821
7.170966
7.193835
7.227594
7.242048
7.264917
7.5319199999999995
7.661015999999999
7.736453999999999
7.7614019999999995
7.857531
7.857729
7.903764
7.958214
7.996130999999999
8.053353
8.053550999999999
8.072955
8.15166
8.190864
8.237988
8.263827
8.272242
8.278082999999999
8.284815
8.291151
8.297487
8.306694
8.319267
8.340848999999999
8.358174
8.396685
8.410941
8.444898
8.465489999999999
8.518455
8.554886999999999
8.631611999999999
8.650025999999999
8.666559
8.726652
8.757144
8.800308
8.828127
8.870796
8.913762
8.929998
8.956529999999999
8.972567999999999
8.972766
8.972964
8.973162
9.012564
9.029195999999999
9.099782999999999
9.127206
9.157202999999999
9.245906999999999
9.315107999999999
9.369458999999999
9.401238
9.487566
9.501327
10.165815
10.216899
10.271547
10.299564
10.408662
10.728926999999999
10.76724
11.259863999999999
11.363913
11.488553999999999
11.934351
12.683484
12.727737
12.766347
12.783474
