0.05860799999999999
0.313731
0.58311
0.716166
0.7433909999999999
0.9061469999999999
0.917631
0.9315899999999999
1.098603
1.3414499999999998
1.4140169999999999
1.4309459999999998
1.5032159999999999
1.552914
1.6453799999999998
1.659042
1.72854
1.935549
2.152161
2.42847
2.5694459999999997
2.8842659999999998
2.902482
3.0951359999999997
3.199779
3.295512
3.4031249999999997
3.4252019999999996
3.4389629999999998
3.487275
3.6128069999999997
3.8282309999999997
3.898818
4.007025
4.024251
4.038804
4.104737999999999
4.474997999999999
4.486383
4.573008
4.682106
4.8707009999999995
4.94307
4.978908
5.141960999999999
5.173245
5.268186
5.485491
5.583303
5.601617999999999
5.6185469999999995
5.876244
5.8937669999999995
5.910299999999999
5.997617999999999
6.0263279999999995
6.04197
6.094638
6.109686
6.198687
6.242445
6.252542999999999
6.261156
6.2732339999999995
6.281451
6.290856
6.299568
6.3064979999999995
6.315804
6.327882
6.335703
6.347087999999999
6.364215
6.372827999999999
6.3817379999999995
6.393222
6.405003
6.415298999999999
6.425991
6.4423259999999996
6.456086999999999
6.4656899999999995
6.474303
6.489153
6.502815
6.512715
6.525881999999999
6.536871
6.551919
6.575183999999999
6.585876
6.606171
6.621516
6.653295
6.6581459999999995
6.661511999999999
6.670026
6.676956
6.688935
6.689330999999999
6.6996269999999996
6.725663999999999
6.730713
6.740811
6.741404999999999
6.7526909999999996
6.771204
6.815456999999999
6.836346
6.846048
6.857927999999999
6.877727999999999
6.890498999999999
6.906141
6.918912
6.9432659999999995
6.962076
6.973164
6.981678
7.011378
7.011674999999999
7.014545999999999
7.0246439999999994
7.0574129999999995
7.08444
7.1043389999999995
7.131663
7.145325
7.1852219999999996
7.203042
7.229672999999999
7.261848
7.27551
7.277786999999999
7.293032999999999
7.319762999999999
7.3387709999999995
7.372926
7.383717
7.401141
7.402724999999999
7.463907
7.473411
7.495983
7.519940999999999
7.550333999999999
7.562411999999999
7.568549999999999
7.5732029999999995
7.589042999999999
7.599537
7.63092
7.664382
7.691408999999999
7.706258999999999
7.7151689999999995
7.789022999999999
7.8045659999999994
7.814960999999999
7.832583
7.843076999999999
7.883369999999999
7.901585999999999
7.941285
8.009001
8.041274999999999
8.065035
8.096022
8.108891999999999
8.117109
8.20809
8.220168
8.301942
8.341541999999999
8.35065
8.377974
8.404209
8.423712
8.438858999999999
8.481527999999999
8.491527
8.511426
8.538057
8.610327
8.614583999999999
8.629038
8.72982
8.755263
8.793972
8.80407
8.835056999999999
8.858619
8.885150999999999
8.962271999999999
8.976923999999999
9.046223999999999
9.073053
9.130671
9.200168999999999
9.214425
9.245213999999999
9.378468
9.451233
9.462816
9.524889
9.606663
9.653984999999999
9.695763
9.747342
9.787139999999999
9.794267999999999
9.802683
9.8109
9.821195999999999
9.987615
10.006226999999999
10.115622
10.178388
10.207296
10.213236
10.24254
10.242738
10.242936
10.268576999999999
10.337876999999999
10.347579
10.464399
10.544291999999999
10.605969
10.627749
10.639728
10.663983
10.664676
10.716552
10.728530999999998
10.731798
10.782188999999999
10.788822
10.844558999999999
10.924254
10.983158999999999
11.062161
11.102157
11.152548
11.211255
11.247786
11.263724999999999
11.320649999999999
11.320848
11.321145
11.364111
11.364308999999999
11.437667999999999
11.46321
11.483108999999999
11.521025999999999
11.521224
11.559636
