0.55341
0.6349859999999999
1.2841289999999999
1.6519139999999999
1.8434789999999999
1.94139
1.954359
2.30274
2.5737029999999996
2.6150849999999997
2.641518
2.772297
2.875752
2.9809889999999997
3.1062239999999997
3.1179059999999996
3.127113
3.3968879999999997
3.601422
3.8342699999999996
4.698837
4.706856
4.723191
4.955544
4.972373999999999
4.979997
5.059692
5.1261209999999995
5.183343
5.545979999999999
5.705369999999999
5.737940999999999
6.298082999999999
6.313823999999999
6.322832999999999
6.330158999999999
6.335901
6.342039
6.3477809999999995
6.354215999999999
6.359265
6.3682739999999995
6.374313
6.3805499999999995
6.387677999999999
6.3935189999999995
6.3996569999999995
6.405201
6.41322
6.421734
6.4324259999999995
6.439355999999999
6.446384999999999
6.458462999999999
6.458660999999999
6.466086
6.4746
6.4817279999999995
6.491924999999999
6.497964
6.507864
6.518853
6.532317
6.540533999999999
6.551621999999999
6.565581
6.579342
6.57954
6.58944
6.601121999999999
6.612704999999999
6.624585
6.635771999999999
6.643790999999999
6.6439889999999995
6.665076
6.674283
6.686756999999999
6.697251
6.7081409999999995
6.730218
6.7477409999999995
6.755265
6.774075
6.788825999999999
6.7970429999999995
6.810408
6.822882
6.836246999999999
6.8593139999999995
6.875451
6.893667
6.907131
6.9359399999999996
6.967521
6.978807
6.979005
6.998507999999999
7.019000999999999
7.0345439999999995
7.042464
7.057611
7.070085
7.097804999999999
7.129782
7.139285999999999
7.189677
7.207694999999999
7.232148
7.274025
7.2875879999999995
7.326891
7.36065
7.371341999999999
7.418564999999999
7.429157999999999
7.452521999999999
7.459550999999999
7.473014999999999
7.485785999999999
7.495785
7.517366999999999
7.517564999999999
7.545978
7.573599
7.682201999999999
7.739720999999999
7.7540759999999995
7.773579
7.848719999999999
7.884755999999999
8.097902999999999
8.147304
8.172647999999999
8.213237999999999
8.284023
8.309168999999999
8.322237
8.412624
8.437472999999999
8.619633
8.830503
8.895446999999999
9.091467
9.283527
9.400841999999999
9.42975
9.443709
9.448164
9.552906
9.560528999999999
9.609732
9.64656
9.670914
9.782388
9.800208
9.930888
10.187396999999999
10.317086999999999
10.333025999999998
10.502118
10.538748
10.632204
10.775952
10.897029
10.904651999999999
10.913561999999999
11.073545999999999
11.141757
11.165714999999999
11.175317999999999
11.270061
11.314413
11.516174999999999
11.603295
11.696750999999999
11.927124
12.015333
12.030579
12.141755999999999
12.152349
12.240656999999999
12.251448
12.295205999999999
12.301739999999999
12.30768
12.657447
12.765851999999999
12.820599
12.861782999999999
12.890295
12.937617
13.09572
13.357475999999998
13.391729999999999
13.432815
13.513302
13.52835
13.681997999999998
13.691403
13.776741
14.015034
14.048891999999999
14.07978
14.227982999999998
14.316291
14.327874
