0.12662099999999998
1.51569
1.7453699999999999
5.486085
6.501824999999999
6.523803
6.560829
6.581124
6.600428999999999
6.647949
6.672699
6.6878459999999995
6.705171
6.72012
6.736949999999999
6.7748669999999995
6.789320999999999
6.806646
6.849908999999999
6.862877999999999
6.890598
6.900200999999999
6.9260399999999995
6.946731
6.963164999999999
6.98544
7.021178999999999
7.037216999999999
7.057116
7.09038
7.114932
7.1352269999999995
7.192449
7.206903
7.223732999999999
7.245513
7.267391999999999
7.319762999999999
7.331841
7.351245
7.374707999999999
7.383914999999999
7.4017349999999995
7.454897999999999
7.46955
7.498259999999999
7.545185999999999
7.563699
7.598051999999999
7.619732999999999
7.635375
7.663787999999999
7.67547
7.694972999999999
7.718634
7.748036999999999
7.792488
7.8010019999999995
7.829712
7.851095999999999
7.899704999999999
7.935938999999999
7.969697999999999
8.002962
8.020386
8.040284999999999
8.064143999999999
8.083647
8.152550999999999
8.17938
8.200961999999999
8.237492999999999
8.292437999999999
8.316495
8.349065999999999
8.379161999999999
8.455886999999999
8.480043
8.527761
8.600031
8.61894
8.637651
8.672004
8.71992
8.735562
8.779914
8.807139
8.858619
8.905248
8.929898999999999
9.024543
9.063846
9.099684
9.12087
9.186012
9.202247999999999
9.293327999999999
9.313820999999999
9.392031
9.404703
9.477468
9.506079
9.519542999999999
9.557361
9.625968
9.700712999999999
9.718038
9.803376
9.825849
9.95445
9.993951
10.026918
10.081268999999999
10.163637
10.217889
10.257885
10.307780999999999
10.415294999999999
10.54449
10.565577
10.608543
10.628046
10.775457
10.876733999999999
10.961874
11.025036
11.062557
11.129778
11.248280999999999
11.345004
11.455983
11.625966
11.653884
11.661804
11.703384
11.808423
11.833371
11.992464
12.010679999999999
12.151656
12.210263999999999
12.218382
12.258873
12.283919999999998
12.456674999999999
12.539142
12.596264999999999
12.732588
12.853862999999999
12.999590999999999
13.070673
13.149674999999998
13.407767999999999
13.498353
13.607747999999999
13.617845999999998
13.687641
