0.732501
0.9519839999999999
1.008513
1.503909
1.520838
1.541925
1.551825
1.587168
1.5988499999999999
1.6151849999999999
1.659636
1.6728029999999998
1.685376
1.7144819999999998
1.751904
1.768635
1.8058589999999999
1.8404099999999999
1.85031
1.8640709999999998
1.876545
1.9100069999999998
1.961982
1.9816829999999999
1.9917809999999998
2.015739
2.05227
2.0623679999999998
2.07504
2.085435
2.126619
2.1912659999999997
2.2110659999999998
2.2603679999999997
2.3368949999999997
2.3591699999999998
2.38095
2.4781679999999997
2.5046999999999997
2.521134
2.5720199999999998
2.615877
2.624688
2.7373499999999997
2.749923
2.8224899999999997
2.875257
2.883276
2.9630699999999996
3.075633
3.08682
3.160971
3.2327459999999997
3.550734
3.7046789999999996
3.719925
3.852486
4.0013819999999996
4.348179
4.397976
4.412529
4.480839
4.542911999999999
4.716657
4.759424999999999
4.865157
4.966730999999999
5.127110999999999
5.523111
5.576769
5.921189999999999
6.1676009999999994
6.180174
6.463610999999999
6.638049
6.663392999999999
6.766551
6.945245999999999
7.233137999999999
7.301051999999999
7.786548
7.832286
8.179578
9.045926999999999
9.283031999999999
9.598346999999999
9.642501
9.770408999999999
9.840302999999999
10.113939
10.442223
10.884257999999999
