#Whole time :11.757041999999998
#Number of Spike :76
#Start time of stimulation  : 60679
#bs_cnt :5
#1sec spike : 57
#2sec spike : 61
0	7509	7620	0.7488855	91.000091000091
1	7620	28332	1.7796239999999999	0.4876887843284135
2	28332	35263	3.1479524999999997	1.4573669168965664
3	35263	51692	4.3042725	0.6148280541122467
4	51692	60679	5.562364499999999	1.1239579504851565
5	60679	60782	6.012319499999999	98.06805923310779
6	60782	60872	6.021872999999999	112.23344556677891
7	60872	60940	6.029693999999999	148.54426619132502
8	60940	61006	6.036327	153.04560759106215
9	61006	61072	6.042860999999999	153.04560759106215
10	61072	61137	6.049345499999999	155.4001554001554
11	61137	61198	6.0555825	165.5903295247558
12	61198	61269	6.062116499999999	142.26774790155073
13	61269	61336	6.068947499999999	150.76134479119554
14	61336	61413	6.0760755	131.18194936376756
15	61413	61483	6.083352	144.3001443001443
16	61483	61558	6.0905295	134.6801346801347
17	61558	61657	6.099142499999999	102.0304050607081
18	61657	61754	6.1088445	104.13412475268147
19	61754	61759	6.1138935	2020.2020202020203
20	61759	61816	6.1169625	177.210703526493
21	61816	61906	6.124238999999999	112.23344556677891
22	61906	62021	6.1343865	87.8348704435661
23	62021	62146	6.146266499999999	80.80808080808082
24	62146	62153	6.1528005	1443.0014430014432
25	62153	62272	6.159037499999999	84.8824378236143
26	62272	62400	6.171264	78.91414141414143
27	62400	62569	6.1859655	59.76929053852131
28	62569	62643	6.197994	136.5001365001365
29	62643	62714	6.2051715	142.26774790155073
30	62714	62805	6.2131905	111.000111000111
31	62805	62943	6.224526	73.19572536963842
32	62943	63022	6.2352675	127.86088735455824
33	63022	63152	6.245613	77.7000777000777
34	63152	63421	6.265363499999999	37.55022342382937
35	63421	63567	6.285906	69.18500069185001
36	63567	63604	6.2949645	273.000273000273
37	63604	63759	6.3044685	65.16780710329098
38	63759	63900	6.3191204999999995	71.63836951070994
39	63900	64094	6.335703	52.067062376340736
40	64094	64198	6.350454	97.12509712509713
41	64198	64324	6.361839	80.16674683341351
42	64324	64445	6.3740654999999995	83.47942232239753
43	64445	64583	6.386886	73.19572536963842
44	64583	64631	6.396093	210.43771043771048
45	64631	64789	6.406289999999999	63.93044367727912
46	64789	65025	6.425793	42.80089025851738
47	65025	65178	6.4450484999999995	66.01967386281112
48	65178	65388	6.463017	48.1000481000481
49	65388	65488	6.478362	101.01010101010102
50	65488	65666	6.492122999999999	56.74724775848372
51	65666	65856	6.510338999999999	53.1632110579479
52	65856	66150	6.534297	34.357177214320075
53	66150	66504	6.566373	28.533926839011585
54	66504	66920	6.604488	24.281274281274282
55	66920	67056	6.631812	74.27213309566251
56	67056	67533	6.6621555	21.176121805052624
57	67533	67799	6.6989339999999995	37.9737221842485
58	67799	68254	6.7346235	22.200022200022204
59	68254	69106	6.79932	11.855645658462562
60	69106	70564	6.913665	6.927990467085118
61	70564	74234	7.167501	2.752318828613107
62	74234	74311	7.3529775	131.18194936376756
63	74311	76670	7.4735594999999995	4.281903391695677
64	76670	80605	7.785112499999999	2.566965718172834
65	80605	82747	8.085924	4.715690990200795
66	82747	84760	8.291596499999999	5.0178887734774476
67	84760	88314	8.567162999999999	2.842152532642122
68	88314	94062	9.027612	1.7573086466614651
69	94062	94156	9.316791	107.4575542660649
70	94156	101460	9.682991999999999	1.3829422372686337
71	101460	102499	10.0959705	9.721857652560251
72	102499	110784	10.557508499999999	1.2191925287881837
73	110784	111570	11.006523	12.85115788932583
74	111570	114922	11.211354	3.0134278344302214
75	114922	115218	11.391929999999999	34.12503412503413
1.434213	0.9701781780732941
2.350062	0.7308186594081758
3.804471	0.8648125086481251
4.8718889999999995	0.794854430359624
5.713983	2.222444466668889
6.016922999999999	104.67367980321349
6.025536	127.86088735455824
6.032960999999999	150.76134479119554
6.039593999999999	153.04560759106215
6.046029	154.21389467190994
6.052365	160.33349366682702
6.058898999999999	153.04560759106215
6.065433	146.39145073927685
6.072560999999999	140.29180695847364
6.07959	137.4287088572803
6.0869159999999995	139.32427725531173
6.095034	116.10356437942646
6.103943999999999	103.07153164296022
6.110576999999999	198.05902158843335
6.115824	325.8390355164549
6.120873	137.4287088572803
6.129486	98.54644000985466
6.140376	84.17508417508418
6.1484939999999995	153.04560759106215
6.156809999999999	160.33349366682702
6.1652249999999995	81.789555473766
6.178887	68.02027004047207
6.1911629999999995	83.13588560502141
6.2015579999999995	139.32427725531173
6.20928	124.70382840753211
6.21918	88.21842882978254
6.2293769999999995	93.09686729041569
6.240861	96.66038374172346
6.256602	50.63162957899801
6.27462	48.679566751855916
6.28947	110.39355301650384
6.300656999999999	105.21885521885524
6.311646	68.25006825006825
6.327782999999999	60.30453791647822
6.3423359999999995	67.79201410073894
6.356294999999999	87.8348704435661
6.367877999999999	81.789555473766
6.3805499999999995	78.000078000078
6.390746999999999	108.6130118388183
6.402032999999999	98.06805923310779
6.416684999999999	51.27416294928985
6.434703	51.933213886941395
6.454503	55.65294821493169
6.469748999999999	65.16780710329098
6.485886	72.66913741733886
6.501329999999999	54.896794027228815
6.52311	41.73971116119876
6.5508299999999995	31.17595710188303
6.585876	26.236389872753513
6.615774	36.59786268481921
6.649730999999999	32.955987278988914
6.678737999999999	27.189798387644956
6.718337999999999	28.019445495173652
6.770213999999999	15.456786688615306
6.861491999999999	8.745463290917836
7.058799	3.9395515214547974
7.230563999999999	5.391518602087057
7.432029	8.293111741387603
7.6423049999999995	3.2097267559612654
7.920692999999999	3.324340990952806
8.187695999999999	4.86209872491461
8.442027	3.6288881268223823
8.815455	2.1717931844786285
9.125523	3.4580657654947284
9.559341	2.7307407680481486
9.837729	2.421433561311303
10.386486	2.1666688333355
10.720115999999999	2.227099570281138
11.130075	4.882073514262978
11.276397	5.537834485202906


1.948419	1.0918437091241011
3.041874	0.6875801030820091
4.355109	0.9368111510504932
5.158296	1.1874693484474432
5.792094	3.300983693140556
6.020982	116.10356437942646
6.0291	135.2813852813853
6.0362279999999995	151.51515151515153
6.042762	153.82248884786955
6.0491969999999995	157.82828282828285
6.055731	153.82248884786955
6.062265	152.27653418608193
6.069096	140.94432699083862
6.076124999999999	141.6029453412631
6.083253	136.5001365001365
6.0911729999999995	124.19274714356683
6.099686999999999	111.81930001118194
6.1065179999999994	150.76134479119554
6.112854	190.58509624547364
6.1189919999999995	199.36204146730464
6.125624999999999	115.66042100393246
6.135228	91.82736455463728
6.1435439999999994	122.684333210649
6.152652	120.72920439454305
6.161957999999999	119.30326890956813
6.172452	72.84382284382285
6.184628999999999	81.67932696234584
6.195519	96.50646593321753
6.205518	128.40267077555214
6.214823999999999	101.01010101010102
6.224228999999999	98.38646202282567
6.23502	87.3286175879836
6.250266	63.39546088500064
6.2657099999999994	55.60189046427579
6.280163999999999	67.04210244033253
6.295113	89.65393580778196
6.306992999999999	91.000091000091
6.320061	61.84291898577613
6.334713	69.0274038793401
6.348770999999999	71.4694110920526
6.362234999999999	86.33341966675302
6.374313	78.70916961826053
6.385005	98.70693909781858
6.3965879999999995	88.09020436927415
6.410943	68.55889208830385
6.4255949999999995	55.39859287574096
6.444405	50.589366115242576
6.461631	65.44930950978468
6.47757	62.09637357178342
6.494300999999999	64.75006475006475
6.51321	45.77497024626934
6.538355999999999	36.16113401316265
6.569343	28.480291638186376
6.599043	33.44705331460298
6.633297	29.44900904084578
6.665373	34.47443720481263
6.69834	25.294683057621288
6.749127	19.264482074399428
6.82407	10.959504630390706
6.9833609999999995	5.067396371744198
7.133247	5.821907839198906
7.320455999999999	4.9628284151703745
7.569044999999999	4.756400926546901
7.779717	3.5921088552667504
8.038305	3.7457392216353904
8.326494	3.9308639645907775
8.65953	2.678129059039355
8.941977	3.225099010539624
9.355302	2.3051141262003885
9.706356	3.591683098616843
10.120175999999999	1.8224098089385556
10.551222	2.997332374186974
10.884357	2.4392683170756104
11.199176999999999	6.834242287557579
