0.7433909999999999
0.7543799999999999
2.804868
3.491037
5.117508
6.0072209999999995
6.017417999999999
6.0263279999999995
6.03306
6.039593999999999
6.0461279999999995
6.052562999999999
6.058602
6.065631
6.072264
6.079886999999999
6.086817
6.0942419999999995
6.104043
6.113645999999999
6.114141
6.119783999999999
6.128693999999999
6.140079
6.152454
6.153147
6.164928
6.1776
6.194331
6.201657
6.208685999999999
6.217695
6.231357
6.239178
6.252047999999999
6.2786789999999995
6.293132999999999
6.296796
6.312141
6.326099999999999
6.345306
6.355601999999999
6.368075999999999
6.380055
6.393717
6.3984689999999995
6.414110999999999
6.437474999999999
6.452622
6.473412
6.483312
6.500934
6.519743999999999
6.54885
6.583895999999999
6.62508
6.638544
6.685766999999999
6.712101
6.757146
6.841494
6.985836
7.349165999999999
7.356788999999999
7.59033
7.979895
8.191953
8.39124
8.743086
9.312138
9.321444
10.04454
10.147400999999999
10.967616
11.04543
11.377277999999999
11.406581999999998
