0.502227
0.6038009999999999
1.338975
2.2160159999999998
2.2306679999999997
2.488266
3.475593
3.525489
4.562711999999999
4.969304999999999
5.110182
6.4027259999999995
6.690618
6.7069529999999995
6.8809949999999995
6.933762
6.946533
7.070481
7.123742999999999
7.133642999999999
7.152551999999999
7.230168
7.293825
7.3479779999999995
7.365402
7.394210999999999
7.423317
7.466778
7.504497
7.5837959999999995
7.619237999999999
7.718832
7.750115999999999
7.858026
7.875845999999999
8.25165
8.499545999999999
8.644580999999999
8.930493
9.635867999999999
9.827136
9.943064999999999
10.949895
11.006127
11.098196999999999
13.239467999999999
13.616361
13.76991
