1.2551219999999998
2.064051
2.7861569999999998
4.327389
4.334912999999999
6.050583
6.644187
6.7989239999999995
6.809120999999999
6.817932
6.828920999999999
6.838127999999999
6.8451569999999995
6.852582
6.860798999999999
6.869412
6.8784209999999995
6.887529
6.9012899999999995
6.908814
6.923565
6.931386
6.958412999999999
6.973262999999999
6.983262
7.009002
7.021278
7.0321679999999995
7.0425629999999995
7.050285
7.052957999999999
7.062561
7.079688
7.090083
7.110773999999999
7.1314649999999995
7.140078
7.159878
7.195815
7.206506999999999
7.230563999999999
7.2406619999999995
7.265808
7.277984999999999
7.307784
7.3177829999999995
7.346393999999999
7.3845089999999995
7.42005
7.4467799999999995
7.473114
7.484202
7.490735999999999
7.526178
7.578944999999999
7.668737999999999
7.691903999999999
7.950195
8.460441
8.593397999999999
9.135323999999999
9.219177
9.499644
9.506276999999999
9.669924
10.506573
11.118096
11.372031
11.382821999999999
11.909006999999999
