0.674685
0.886743
1.908918
2.178594
2.26611
2.5498439999999998
3.439062
3.7559609999999997
4.667157
5.111765999999999
5.2162109999999995
6.864363
6.878024999999999
6.895053
6.907031999999999
6.927327
6.947324999999999
6.9692039999999995
6.988707
7.013655
7.022862
7.0389
7.055433
7.074045
7.086519
7.099785
7.135523999999999
7.1524529999999995
7.163342999999999
7.253829
7.313229
7.3850039999999995
7.402329
7.420347
7.434207
7.472519999999999
7.487171999999999
7.57053
7.578449999999999
7.688439
7.70616
7.714872
7.750115999999999
7.969797
7.988111999999999
8.050481999999999
8.235809999999999
8.302536
8.445195
8.496872999999999
8.523800999999999
8.593100999999999
8.608644
8.899407
8.970984
9.458262
9.558152999999999
9.726552
9.96336
10.150371
10.209672
10.29204
10.571912999999999
10.734371999999999
11.751498
11.847923999999999
11.905541999999999
12.120075
12.450536999999999
12.676554
12.845348999999999
12.989889
