#Whole time :13.085325
#Number of Spike :72
#Start time of stimulation  : 69337
#bs_cnt :11
#1sec spike : 32
#2sec spike : 42
0	6815	8957	0.7807139999999999	4.715690990200795
1	8957	19282	1.3978305	0.9783060630518259
2	19282	22006	2.0437559999999997	3.708153487889171
3	22006	22890	2.222352	11.42648201471731
4	22890	25756	2.407977	3.5244278091451853
5	25756	34738	2.994453	1.1245836229136164
6	34738	37939	3.5975115	3.155579537960044
7	37939	47143	4.211558999999999	1.0974587245773688
8	47143	51634	4.8894614999999995	2.2491672458272327
9	51634	52689	5.163988499999999	9.574417157355546
10	52689	69337	6.040286999999999	0.6067401550342445
11	69337	69475	6.871194	73.19572536963842
12	69475	69647	6.886539	58.72680291284943
13	69647	69768	6.9010425	83.47942232239753
14	69768	69973	6.9171795	49.27322000492733
15	69973	70175	6.937326	50.00500050005001
16	70175	70396	6.958264499999999	45.70592805886924
17	70396	70593	6.9789555	51.27416294928985
18	70593	70845	7.001181	40.083373416706756
19	70845	70938	7.0182585	108.6130118388183
20	70938	71100	7.030881	62.35191420376606
21	71100	71267	7.0471664999999994	60.48509042521019
22	71267	71455	7.064738999999999	53.72877713303245
23	71455	71581	7.0802819999999995	80.16674683341351
24	71581	71715	7.093152	75.38067239559777
25	71715	72076	7.1176544999999996	27.980637398919946
26	72076	72247	7.1439885	59.070234508831
27	72247	72357	7.157897999999999	91.8273645546373
28	72357	73271	7.2085859999999995	11.051433370908207
29	73271	73871	7.283529	16.835016835016837
30	73871	74596	7.349116499999999	13.932427725531175
31	74596	74771	7.393666499999999	57.72005772005772
32	74771	74953	7.411338	55.5000555000555
33	74953	75093	7.427276999999999	72.15007215007215
34	75093	75480	7.453363499999999	26.100801294599744
35	75480	75628	7.479845999999999	68.25006825006825
36	75628	76470	7.5288509999999995	11.99644905108088
37	76470	76550	7.57449	126.26262626262627
38	76550	77661	7.6334444999999995	9.091818272736365
39	77661	77840	7.6972995	56.43022402798939
40	77840	77928	7.710515999999999	114.78420569329661
41	77928	78284	7.732493999999999	28.37362387924186
42	78284	80503	7.859956499999999	4.552055025241145
43	80503	80688	7.9789544999999995	54.600054600054605
44	80688	81318	8.019297	16.0333493666827
45	81318	83190	8.143146	5.395838729172063
46	83190	83864	8.269173	14.986661870934869
47	83864	85305	8.373865499999999	7.009722485086816
48	85305	85827	8.471034	19.350594063237743
49	85827	86099	8.510337	37.136066547831255
50	86099	86799	8.558451	14.43001443001443
51	86799	86956	8.6008725	64.33764395547836
52	86956	89893	8.7540255	3.439227136877801
53	89893	90616	8.935195499999999	13.9709683278148
54	90616	95538	9.214623	2.0522165991487404
55	95538	96547	9.5082075	10.010911893964423
56	96547	98248	9.6423525	5.938277543215815
57	98248	100640	9.844956	4.222830309786832
58	100640	102529	10.056865499999999	5.347279037061991
59	102529	103128	10.180021499999999	16.863122038414193
60	103128	103960	10.250855999999999	12.140637140637141
61	103960	106787	10.4319765	3.573049204460595
62	106787	108428	10.6531425	6.155399208415662
63	108428	118702	11.242935	0.9831623613986862
64	118702	119676	11.799710999999999	10.370646920954929
65	119676	120258	11.876733	17.355687458780242
66	120258	122425	12.012808499999998	4.6612875408445325
67	122425	125763	12.285305999999999	3.026066537151019
68	125763	128046	12.5635455	4.424445948756067
69	128046	129751	12.7609515	5.9243461002991795
70	129751	131211	12.917618999999998	6.918500069185001
1.1567159999999999	1.6204395766439563
1.6580519999999999	1.5481661584811253
2.1178079999999997	5.599229546014469
2.33145	5.3872053872053876
2.7516059999999998	1.7050996119193282
3.2482889999999998	1.6582139212033329
3.9540599999999997	1.6285385088287145
4.511628	1.4751383864198762
4.998311999999999	3.642628958171692
5.730714	1.1411636559916514
6.3194669999999995	1.203504122603372
6.8791139999999995	65.16780710329098
6.89337	68.94887440962526
6.909803999999999	61.96938712276136
6.9272279999999995	49.63641327277691
6.947919	47.75891300713996
6.968412	48.33019187086173
6.990488999999999	44.99336347888687
7.008407999999999	58.55658029571073
7.025138999999999	79.22360863537334
7.038999	61.40431672346567
7.056126	56.90709916062029
7.071966	64.33764395547836
7.086716999999999	77.7000777000777
7.107209999999999	40.81216202428324
7.129187999999999	37.9737221842485
7.150373999999999	71.89331032747403
7.189875	19.728535353535356
7.243434	13.343474373857466
7.317288	15.24680769963789
7.366788	22.44668911335578
7.402526999999999	56.58829188240953
7.4189609999999995	62.73919317397579
7.442324999999999	38.33400417840646
7.4646	37.76078542433683
7.510040999999999	20.40608101214162
7.545383999999999	21.91108481780933
7.612406999999999	16.962233586918728
7.657649999999999	15.660480776759847
7.703091	75.66299701131162
7.723682999999999	45.5000455000455
7.811595	7.845444738648624
7.9026749999999995	8.403502579875292
8.002763999999999	24.787754849104545
8.091467999999999	8.074348601926541
8.196209999999999	7.934807620589239
8.327781	9.551782601427991
8.414802	10.291401019877842
8.488557	25.44335038037809
8.537859	20.783971401255354
8.575182	23.57295239442264
8.700318	6.529418294124177
8.826345	5.519677650825192
9.109485	3.5787458285243936
9.329067	3.406174372284641
9.580923	7.454620000745463
9.749322	4.935748888839532
9.946728	4.718995608974586
10.107801	8.119783039397188
10.217295	14.11741453670175
10.357875	5.5211861716371144
10.532708999999999	4.521490645035856
11.019195	1.6955115570306507
11.444598	1.7960544276333752
11.834954999999999	12.983303471735349
11.957813999999999	7.348861477635578
12.158684999999998	3.669758438150809
12.415688999999999	3.5940260099662344
12.657447	5.065702156975979
12.837231	6.382944771570364


1.412235	1.99480154716808
1.810017	2.1749106655444126
2.2258169999999997	4.680727572293837
2.6083529999999997	2.380068355563172
3.0026699999999997	2.0136241812100675
3.6030059999999997	1.4168901810927341
4.243437	1.7935032139577594
4.687748999999999	2.0544427324088343
5.464799999999999	1.3653703840240743
6.017517	1.698505145621339
6.463412999999999	1.7869460020657095
6.886043999999999	70.30865499542993
6.901784999999999	60.849458439819884
6.91911	57.3921028466483
6.937722	48.25323296660876
6.9581159999999995	48.87585532746823
6.979698	45.22840343735866
6.998607	55.90965000559097
7.016031	59.76929053852131
7.032662999999999	71.8081286801666
7.047809999999999	58.613211417853584
7.06365	63.00006300006301
7.078895999999999	67.64069264069265
7.098894	48.79715024642561
7.1184959999999995	45.5000455000455
7.137702	47.20098178042104
7.176213	25.358184354000255
7.220663999999999	18.659501418122108
7.278777	13.534180573037206
7.338572999999999	20.202020202020204
7.380153	28.006497507421724
7.410447	60.97189195780746
7.432326	42.74052228918238
7.453512	44.89337822671156
7.491033	22.006557954270374
7.527168	28.32058906825262
7.581123	14.905573193817169
7.63587	22.119000221190003
7.671906	21.99058802832388
7.714872	48.64049807870033
7.785162	11.379282877593054
7.85565	10.979358805445763
7.939602	9.987814865863648
8.060976	11.277644325653258
8.144235	9.541256392641783
8.258481	7.600459067727691
8.370054	11.491479068270877
8.442027	13.558402820147787
8.514693	20.283152813273297
8.555579999999999	26.840593713932954
8.656163999999999	7.987092857941566
8.768034	7.938965235271235
8.98425	3.5309986370345263
9.221651999999999	4.554107349418441
9.428462999999999	3.9705228384473674
9.676556999999999	5.939441454925579
9.849609	5.065702156975979
10.012464	6.209637357178341
10.153836	9.127418765972983
10.305999	7.116728582205332
10.451925	5.717552887364208
10.837430999999999	2.0555576111131666
11.226401999999998	2.3510769107789824
11.559833999999999	2.561541023079485
11.906234999999999	8.139411846100002
12.080969999999999	4.978319418930558
12.288177	3.89099002350158
12.523104	4.136367772731409
12.740507999999998	5.562230231833757
