0.03564
0.14444099999999999
0.9465389999999999
1.1715659999999999
1.351746
1.360458
1.367586
1.5663779999999998
1.6599329999999999
1.7724959999999998
1.9014929999999999
2.1172139999999997
3.419856
3.883275
4.473414
4.620825
5.3235269999999995
5.878718999999999
6.316199999999999
6.562314
6.694478999999999
6.820406999999999
6.927524999999999
7.0180109999999996
7.13592
7.434305999999999
8.439651
8.457569999999999
8.490933
8.555283
8.791893
9.614087999999999
9.859112999999999
9.980982
9.988011
9.999099
10.060875
10.18413
10.325304
11.406284999999999
11.628836999999999
12.327084
12.381236999999999
12.440043
12.501621
12.66903
13.362921
14.196599999999998
14.211350999999999
14.489837999999999
15.165809999999999
