# Num : 68
0.221958
0.295416
0.357192
0.423720
0.458271
0.799524
2.026332
2.454111
3.811203
4.834665
6.271749
6.295311
6.309072
6.319764
6.333228
6.348474
6.368967
6.395994
6.435495
6.457869
6.490539
6.524397
6.531426
6.560136
6.673590
6.836544
7.497864
7.919307
8.252046
8.879112
8.952471
9.128097
9.214623
9.239868
9.251055
9.577854
9.593001
9.738828
9.789813
10.777833
10.785555
11.372328
11.417472
11.440935
11.503404
11.517363
11.517363
12.487959
12.716451
12.778326
12.850497
13.357179
14.780007
15.916626
16.222239
16.494786
17.489637
19.994139
20.070666
21.109077
