# Num : 63
0.223146
0.719433
1.126125
1.145826
1.717650
1.769229
1.844865
2.224431
2.676069
2.747250
3.039300
3.311550
3.569247
3.727746
4.396194
4.830903
5.603103
5.614191
5.627358
5.653494
5.680521
6.329862
6.862482
6.970293
7.498953
7.869708
8.094438
8.851095
8.912475
9.948708
9.984744
10.973556
11.962269
11.990781
12.122550
12.144429
13.949793
14.058099
14.386086
14.757633
15.566958
15.806835
16.038396
16.082946
16.419051
16.780005
17.461224
18.114624
18.570123
19.380240
19.584081
20.566260
20.956914
21.519432
21.555270
22.011264
22.062942
23.412906
23.473395
24.168474
24.741783
24.954336
25.143228
