# Num : 54
1.315908
3.178692
3.348972
4.450248
4.471731
5.508756
5.515686
5.522319
5.529447
5.536773
5.543208
5.550633
5.558058
5.565483
5.581323
5.590134
5.590134
5.598549
5.609538
5.656365
5.656365
5.712696
5.770710
5.808330
5.833179
5.833179
5.882580
5.955939
6.019497
9.555777
9.725265
9.816345
11.000880
11.358567
11.380842
11.440242
12.965634
13.223331
13.247388
13.375197
13.607649
14.044536
14.064039
14.096115
14.326983
16.247187
16.706349
18.064530
18.410931
18.704664
24.314202
24.534279
24.635061
